Sample	0	1	2	3	4	5	6	7	8	9	10	11	12	13	14	15
SRR29920099_1	(1.0, 3.9711990195410904)	(2.0, 1.9098522502893716)	(3.0, 1.2051474092735073)	(4.0, 0.9532239395383674)	(5.0, 0.7489616667801456)	(6.0, 0.520868795533465)	(7.0, 0.39320487505957646)	(8.0, 0.39490706066589504)	(9.0, 0.520868795533465)	('>10', 6.989174099543814)	('>50', 6.805338054061415)	('>100', 14.706883638591952)	('>500', 2.6911554435895693)	('>1k', 58.189214951998366)	('>5k', 0.0)	('>10k+', 0.0)
SRR29920099_2	(1.0, 2.74732756859808)	(2.0, 1.174508068359774)	(3.0, 0.70981139783482)	(4.0, 0.6944917273779533)	(5.0, 0.7149179546537755)	(6.0, 0.5821474773609314)	(7.0, 0.35745897732688775)	(8.0, 0.46299448491863554)	(9.0, 0.398311431878532)	('>10', 4.626540477973718)	('>50', 1.5983522843330835)	('>100', 5.418056784911827)	('>500', 3.4775651937087217)	('>1k', 39.8771021992238)	('>5k', 37.160413971539455)	('>10k+', 0.0)
SRR29920100_1	(1.0, 3.4644923884995342)	(2.0, 2.009375047715023)	(3.0, 1.296321744308552)	(4.0, 0.9161284412074573)	(5.0, 0.5954834867848473)	(6.0, 0.46722550501580323)	(7.0, 0.3099567892751897)	(8.0, 0.3175911929519185)	(9.0, 0.32980623883468463)	('>10', 6.63276991434199)	('>50', 3.418685966439161)	('>100', 8.223779640572275)	('>500', 17.974440016490313)	('>1k', 54.04394362756325)	('>5k', 0.0)	('>10k+', 0.0)
SRR29920100_2	(1.0, 2.728535874062877)	(2.0, 1.0504939459178844)	(3.0, 0.8428381659108607)	(4.0, 0.6107522941383049)	(5.0, 0.5802146794313896)	(6.0, 0.5130319270761761)	(7.0, 0.40615027560197275)	(8.0, 0.4153115600140473)	(9.0, 0.35729009207090834)	('>10', 4.018750095430046)	('>50', 2.701052020826653)	('>100', 3.006428167895806)	('>500', 0.993999358710091)	('>1k', 46.33930343700853)	('>5k', 35.43584810590445)	('>10k+', 0.0)
SRR29920101_1	(1.0, 4.216674517192652)	(2.0, 2.309938765897315)	(3.0, 1.4300518134715026)	(4.0, 0.9872821479039096)	(5.0, 0.659444182760245)	(6.0, 0.5200188412623646)	(7.0, 0.5011775788977861)	(8.0, 0.40697126707489406)	(9.0, 0.3900141309467734)	('>10', 10.34762129062647)	('>50', 8.540744229863401)	('>100', 21.64107395195478)	('>500', 9.16062176165803)	('>1k', 38.88836552048987)	('>5k', 0.0)	('>10k+', 0.0)
SRR29920101_2	(1.0, 2.888365520489873)	(2.0, 1.3829486575600565)	(3.0, 1.0682995760715968)	(4.0, 0.7385774846914743)	(5.0, 0.7065473386716911)	(6.0, 0.599152143193594)	(7.0, 0.5143664625529911)	(8.0, 0.3316062176165803)	(9.0, 0.3560998586905323)	('>10', 4.467263306641545)	('>50', 1.1568535091851155)	('>100', 6.434291097503533)	('>500', 7.7927461139896375)	('>1k', 59.61940650023551)	('>5k', 11.943476212906265)	('>10k+', 0.0)
SRR29920102_1	(1.0, 3.5146661547111337)	(2.0, 2.0185675301345256)	(3.0, 1.2012670899441877)	(4.0, 0.8940937701411078)	(5.0, 0.7473636575566007)	(6.0, 0.6253171153134128)	(7.0, 0.6239458058500061)	(8.0, 0.4388190282901142)	(9.0, 0.4319624809730812)	('>10', 8.178489639757004)	('>50', 6.314880078987425)	('>100', 7.7684681101984285)	('>500', 11.616362464517367)	('>1k', 55.625797073625606)	('>5k', 0.0)	('>10k+', 0.0)
SRR29920102_2	(1.0, 2.388821085254309)	(2.0, 1.0860770950180327)	(3.0, 0.7075956831178092)	(4.0, 0.5924056881916542)	(5.0, 0.5279541434115437)	(6.0, 0.6500006856547318)	(7.0, 0.3263716522907725)	(8.0, 0.4827009311191257)	(9.0, 0.34556998477846496)	('>10', 3.7491600729536634)	('>50', 0.9228912688726465)	('>100', 5.8116095059172)	('>500', 1.8553817039891392)	('>1k', 39.82694074571809)	('>5k', 26.730935370184987)	('>10k+', 13.99558438352783)
SRR29920103_1	(1.0, 4.031284060447168)	(2.0, 2.1386278610775618)	(3.0, 1.1002444987775062)	(4.0, 0.8837305211064307)	(5.0, 0.6554334698206027)	(6.0, 0.5390756178749226)	(7.0, 0.4124075765163343)	(8.0, 0.40062450290158186)	(9.0, 0.3844227766812973)	('>10', 7.523492503019414)	('>50', 5.421686746987952)	('>100', 16.75700356437977)	('>500', 12.955489439420273)	('>1k', 46.79647686098919)	('>5k', 0.0)	('>10k+', 0.0)
SRR29920103_2	(1.0, 2.741037499631779)	(2.0, 1.1105546881904145)	(3.0, 0.8660559106843021)	(4.0, 0.7187674904998969)	(5.0, 0.5302383126638585)	(6.0, 0.6539605856187587)	(7.0, 0.5155094706454179)	(8.0, 0.5302383126638585)	(9.0, 0.3844227766812973)	('>10', 4.5850885203405305)	('>50', 1.8646713995345687)	('>100', 4.007717913217663)	('>500', 4.188882670044481)	('>1k', 49.42557516128082)	('>5k', 27.877279288302354)	('>10k+', 0.0)
SRR29920104_1	(1.0, 4.778146117557057)	(2.0, 2.486293510136427)	(3.0, 1.448744103021803)	(4.0, 0.8542649496366187)	(5.0, 0.8048578350121127)	(6.0, 0.5546347061073569)	(7.0, 0.6582302690297079)	(8.0, 0.5610098176718092)	(9.0, 0.47335203366058903)	('>10', 9.137128649751372)	('>50', 6.800650261379575)	('>100', 36.17078923881168)	('>500', 21.748693102129288)	('>1k', 13.523205406094608)	('>5k', 0.0)	('>10k+', 0.0)
SRR29920104_2	(1.0, 3.4106846869820218)	(2.0, 1.4057120999617494)	(3.0, 0.9658294020145352)	(4.0, 0.943516511538952)	(5.0, 0.5817289302562795)	(6.0, 0.6693867142674997)	(7.0, 0.43510136427387475)	(8.0, 0.4972587020272855)	(9.0, 0.3586000255004463)	('>10', 4.802052785923753)	('>50', 0.5498533724340177)	('>100', 3.73900293255132)	('>500', 5.420438607675634)	('>1k', 56.94090271579753)	('>5k', 19.279931148795104)	('>10k+', 0.0)
SRR29920105_1	(1.0, 4.271638167119962)	(2.0, 2.394150142576158)	(3.0, 1.2817737791622357)	(4.0, 0.9373323671406657)	(5.0, 0.65406224413932)	(6.0, 0.587244374594152)	(7.0, 0.5336018596071862)	(8.0, 0.4366688939289849)	(9.0, 0.37267431464628875)	('>10', 7.158923008874542)	('>50', 8.736201168842168)	('>100', 29.876057557477488)	('>500', 16.69882080576704)	('>1k', 26.060851316123813)	('>5k', 0.0)	('>10k+', 0.0)
SRR29920105_2	(1.0, 2.3715638204763834)	(2.0, 0.9881515918651597)	(3.0, 0.7001759850930274)	(4.0, 0.5797156005608937)	(5.0, 0.5834799875775228)	(6.0, 0.3952606367460638)	(7.0, 0.42819902314156916)	(8.0, 0.37643870166291793)	(9.0, 0.35573457307145745)	('>10', 4.691367319474115)	('>50', 1.1584901043676301)	('>100', 1.3344751973950442)	('>500', 5.311550080463773)	('>1k', 47.227058413875525)	('>5k', 21.60852257220565)	('>10k+', 11.889816392023263)
SRR29920106_1	(1.0, 4.878654475674455)	(2.0, 2.544305226323513)	(3.0, 1.3647138503217067)	(4.0, 0.9120668246980471)	(5.0, 0.6885653008240208)	(6.0, 0.5689129698611581)	(7.0, 0.4266847273958686)	(8.0, 0.39733604244271364)	(9.0, 0.46732136810023706)	('>10', 10.264138164578394)	('>50', 9.826165481431314)	('>100', 44.2250818376792)	('>500', 19.234676600067726)	('>1k', 4.2013771306016485)	('>5k', 0.0)	('>10k+', 0.0)
SRR29920106_2	(1.0, 3.063551190879332)	(2.0, 1.110734845919404)	(3.0, 0.7517778530308161)	(4.0, 0.6727621627723219)	(5.0, 0.5531098318094593)	(6.0, 0.5147307822553335)	(7.0, 0.38717688226662156)	(8.0, 0.577943334462129)	(9.0, 0.4063664070436844)	('>10', 4.7996387854159615)	('>50', 2.695563833389773)	('>100', 6.727621627723219)	('>500', 3.8142002483350264)	('>1k', 40.905294051247324)	('>5k', 33.0195281634496)	('>10k+', 0.0)
SRR29920107_1	(1.0, 5.15003489183531)	(2.0, 2.5122121423586883)	(3.0, 1.4696441032798326)	(4.0, 0.9490579204466155)	(5.0, 0.8304256803907886)	(6.0, 0.6531751570132589)	(7.0, 0.6741102581995814)	(8.0, 0.4466154919748779)	(9.0, 0.4396371249127704)	('>10', 11.80321004884857)	('>50', 10.921144452198185)	('>100', 37.41381716678298)	('>500', 18.341939986043265)	('>1k', 8.394975575715282)	('>5k', 0.0)	('>10k+', 0.0)
SRR29920107_2	(1.0, 2.911374738311235)	(2.0, 1.1584089323098397)	(3.0, 0.7452896022330775)	(4.0, 0.6643405443126308)	(5.0, 0.5652477320307048)	(6.0, 0.619678995115143)	(7.0, 0.47871598046057223)	(8.0, 0.3349616189811584)	(9.0, 0.4396371249127704)	('>10', 4.625261688764829)	('>50', 1.8381018841591066)	('>100', 6.3447313328681085)	('>500', 3.3440334961618983)	('>1k', 51.367759944173066)	('>5k', 24.56245638520586)	('>10k+', 0.0)
SRR29920108_1	(1.0, 4.859900452260037)	(2.0, 2.559438085853609)	(3.0, 1.2620328962328506)	(4.0, 0.9146264433158998)	(5.0, 0.7200788296824073)	(6.0, 0.6518608352914425)	(7.0, 0.5747997675535006)	(8.0, 0.3234038252608707)	(9.0, 0.4434169635412719)	('>10', 12.972788600015159)	('>50', 9.733697162636751)	('>100', 26.217185881401754)	('>500', 17.8377422370449)	('>1k', 20.92902801990955)	('>5k', 0.0)	('>10k+', 0.0)
SRR29920108_2	(1.0, 3.2428813259556835)	(2.0, 1.4452108441345157)	(3.0, 1.034639581596301)	(4.0, 0.7124990525278557)	(5.0, 0.6379645771747644)	(6.0, 0.6291215038277875)	(7.0, 0.5040551807776852)	(8.0, 0.5154248465095126)	(9.0, 0.4547866292730993)	('>10', 4.7297809444402334)	('>50', 1.950529321104626)	('>100', 6.162358826650497)	('>500', 12.344930392379798)	('>1k', 41.04954647666692)	('>5k', 24.586270496980724)	('>10k+', 0.0)
SRR29920109_1	(1.0, 5.17533880206774)	(2.0, 2.5148194718879107)	(3.0, 1.628644991317885)	(4.0, 1.1097139891822845)	(5.0, 0.7085404067620702)	(6.0, 0.6706185258367762)	(7.0, 0.726503402989841)	(8.0, 0.7025527413528132)	(9.0, 0.6466678641997485)	('>10', 12.136997784563798)	('>50', 7.308943576232959)	('>100', 26.162106061513285)	('>500', 10.193002415025049)	('>1k', 30.315549967067838)	('>5k', 0.0)	('>10k+', 0.0)
SRR29920109_2	(1.0, 3.5427020338103508)	(2.0, 1.4250643674031496)	(3.0, 1.1975330818513863)	(4.0, 0.9021415883280441)	(5.0, 0.57880765622817)	(6.0, 0.6586431950182624)	(7.0, 0.7125321837015748)	(8.0, 0.3832105861924436)	(9.0, 0.6107418717442069)	('>10', 5.017663612957308)	('>50', 0.5748158792886654)	('>100', 1.7923078458375745)	('>500', 10.512344570185418)	('>1k', 61.52525796858471)	('>5k', 10.56623355886873)	('>10k+', 0.0)
SRR29920110_1	(1.0, 4.992569016085121)	(2.0, 2.583088921915484)	(3.0, 1.3573053805584416)	(4.0, 1.0258703457709153)	(5.0, 0.6313048281667171)	(6.0, 0.6076308971104653)	(7.0, 0.5708047821340734)	(8.0, 0.44191337971670197)	(9.0, 0.4971525521812897)	('>10', 13.111412149987506)	('>50', 9.232833111938238)	('>100', 32.65555745531545)	('>500', 17.971144108479212)	('>1k', 14.321413070640379)	('>5k', 0.0)	('>10k+', 0.0)
SRR29920110_2	(1.0, 3.0670892901766336)	(2.0, 1.4520011047834493)	(3.0, 1.0061420698907053)	(4.0, 0.7470440466639485)	(5.0, 0.6773374718872069)	(6.0, 0.5445004142937935)	(7.0, 0.5247721384135835)	(8.0, 0.44191337971670197)	(9.0, 0.3432720003156524)	('>10', 4.238948877461103)	('>50', 1.5282837715202608)	('>100', 6.149961201057436)	('>500', 13.665119093025396)	('>1k', 57.00419554667052)	('>5k', 8.609419594123604)	('>10k+', 0.0)
SRR29920111_1	(1.0, 5.070584845865745)	(2.0, 2.6697397483914336)	(3.0, 1.226488866938305)	(4.0, 0.9109492255559671)	(5.0, 0.6173601679219657)	(6.0, 0.5103510721488249)	(7.0, 0.5762028233938346)	(8.0, 0.40608579934422634)	(9.0, 0.5185825410544511)	('>10', 11.41430354913501)	('>50', 8.53877707810292)	('>100', 33.70237752260224)	('>500', 21.216611104251555)	('>1k', 12.621585655293522)	('>5k', 0.0)	('>10k+', 0.0)
SRR29920111_2	(1.0, 2.9962546816479403)	(2.0, 1.215513575064137)	(3.0, 1.0742066921842204)	(4.0, 0.8121715986884527)	(5.0, 0.6379388401860312)	(6.0, 0.6585175124500967)	(7.0, 0.6338231057332181)	(8.0, 0.5268140099600774)	(9.0, 0.30868008396098284)	('>10', 5.194056879450138)	('>50', 1.499499252308241)	('>100', 5.56858871465613)	('>500', 5.285974948896297)	('>1k', 54.69262323194908)	('>5k', 18.895336872864963)	('>10k+', 0.0)
SRR29920112_1	(1.0, 4.524031646413124)	(2.0, 2.4691956334734724)	(3.0, 1.2539830621418273)	(4.0, 0.8771823545803701)	(5.0, 0.7451203702581872)	(6.0, 0.4797848237760035)	(7.0, 0.4494953778305487)	(8.0, 0.4264753989120031)	(9.0, 0.42526382107418487)	('>10', 11.781382894944086)	('>50', 8.019433708518605)	('>100', 31.415001756787863)	('>500', 19.093255146176865)	('>1k', 18.04039400511286)	('>5k', 0.0)	('>10k+', 0.0)
SRR29920112_2	(1.0, 2.802379538873475)	(2.0, 1.201885215115645)	(3.0, 0.9704738480923706)	(4.0, 0.7414856367447327)	(5.0, 0.5936731405309135)	(6.0, 0.5670184280989132)	(7.0, 0.5427868713425493)	(8.0, 0.44586064431709416)	(9.0, 0.4034554199934575)	('>10', 4.664574675600034)	('>50', 1.7749615324036492)	('>100', 5.166167900456765)	('>500', 7.479069992851691)	('>1k', 41.721894423107216)	('>5k', 30.9243127324715)	('>10k+', 0.0)
SRR29920113_1	(1.0, 4.924687938688015)	(2.0, 2.6558409530674965)	(3.0, 1.6617976249193762)	(4.0, 1.0926888492620557)	(5.0, 0.7588117008764275)	(6.0, 0.8422809879728346)	(7.0, 0.690518647797549)	(8.0, 0.5463444246310278)	(9.0, 0.717077057328224)	('>10', 12.951018704708428)	('>50', 9.807641233827825)	('>100', 33.13920400652578)	('>500', 17.515271085480137)	('>1k', 12.696816784914825)	('>5k', 0.0)	('>10k+', 0.0)
SRR29920113_2	(1.0, 3.316007132829988)	(2.0, 1.547975869787912)	(3.0, 1.1154532002883486)	(4.0, 0.9561027431042988)	(5.0, 0.6544750920059187)	(6.0, 0.5235800736047349)	(7.0, 0.5710058049095117)	(8.0, 0.34905338240315664)	(9.0, 0.358538528664112)	('>10', 4.7710285692605385)	('>50', 0.5577266001441743)	('>100', 3.5891793451455025)	('>500', 8.938801836324316)	('>1k', 72.75107182152749)	('>5k', 0.0)	('>10k+', 0.0)
SRR29920114_1	(1.0, 4.250713963625432)	(2.0, 2.366852046695726)	(3.0, 1.4279272508642717)	(4.0, 0.9018487900195401)	(5.0, 0.7264893030712961)	(6.0, 0.5591462498121149)	(7.0, 0.5330928403226615)	(8.0, 0.35272308231875343)	(9.0, 0.405831955508793)	('>10', 9.510496517861617)	('>50', 7.391151861315697)	('>100', 24.49822135377524)	('>500', 19.258479883761712)	('>1k', 27.817024901047148)	('>5k', 0.0)	('>10k+', 0.0)
SRR29920114_2	(1.0, 2.7546470264041285)	(2.0, 1.016082970088682)	(3.0, 0.7244851946490305)	(4.0, 0.6733804298812566)	(5.0, 0.5912119845683651)	(6.0, 0.4749736960769578)	(7.0, 0.547121599278521)	(8.0, 0.4008216844531289)	(9.0, 0.3517210281076206)	('>10', 4.955158074051806)	('>50', 1.5952703041234533)	('>100', 2.708552532692019)	('>500', 2.3808808056515858)	('>1k', 55.18412746129565)	('>5k', 25.64156520867779)	('>10k+', 0.0)
SRR29920115_1	(1.0, 4.696695709353937)	(2.0, 2.5250698668420184)	(3.0, 1.4647377938517179)	(4.0, 0.854841361170475)	(5.0, 0.838402104224889)	(6.0, 0.6214039125431531)	(7.0, 0.3567318757192175)	(8.0, 0.7233273056057866)	(9.0, 0.36988328127568637)	('>10', 11.052112444517508)	('>50', 7.266151569949038)	('>100', 30.983067565346044)	('>500', 15.572908104553672)	('>1k', 22.674667105046854)	('>5k', 0.0)	('>10k+', 0.0)
SRR29920115_2	(1.0, 3.07742890021371)	(2.0, 1.3282919612033535)	(3.0, 1.0356731875719216)	(4.0, 0.8351142528357718)	(5.0, 0.7808647049153379)	(6.0, 0.5918132500410981)	(7.0, 0.3682393555811277)	(8.0, 0.4076935722505343)	(9.0, 0.4142692750287687)	('>10', 4.473121814893967)	('>50', 0.404405720861417)	('>100', 3.7843169488739106)	('>500', 5.101101430215355)	('>1k', 77.39766562551372)	('>5k', 0.0)	('>10k+', 0.0)
SRR29920116_1	(1.0, 4.710665042160754)	(2.0, 2.412632544000386)	(3.0, 1.4113900382402258)	(4.0, 0.8299455951361328)	(5.0, 0.868547715840139)	(6.0, 0.5935076058240949)	(7.0, 0.4053222673920649)	(8.0, 0.46322544844807406)	(9.0, 0.3908464721280625)	('>10', 9.358601638177497)	('>50', 10.111342991905618)	('>100', 33.31724911637333)	('>500', 13.449220116530153)	('>1k', 21.677503407843467)	('>5k', 0.0)	('>10k+', 0.0)
SRR29920116_2	(1.0, 3.013378047456482)	(2.0, 1.319710001568211)	(3.0, 0.8974993063681436)	(4.0, 0.7382655584641181)	(5.0, 0.693631856400111)	(6.0, 0.6514107868801042)	(7.0, 0.6079834010880972)	(8.0, 0.3956717372160633)	(9.0, 0.41256016502406606)	('>10', 4.6045092102247365)	('>50', 1.2449183927041994)	('>100', 5.5020085165928805)	('>500', 3.545363523408567)	('>1k', 63.18322737855411)	('>5k', 13.189862118050112)	('>10k+', 0.0)
SRR29920117_1	(1.0, 5.1291238686731955)	(2.0, 2.664755686493086)	(3.0, 1.4690660084401623)	(4.0, 0.9024073041908857)	(5.0, 0.6834408259680972)	(6.0, 0.47774504339517476)	(7.0, 0.4923428086100273)	(8.0, 0.47774504339517476)	(9.0, 0.4658014173102954)	('>10', 11.821535684900603)	('>50', 6.5981898771133585)	('>100', 40.042997053905566)	('>500', 21.700241526660825)	('>1k', 7.074607850943547)	('>5k', 0.0)	('>10k+', 0.0)
SRR29920117_2	(1.0, 3.009793773389601)	(2.0, 1.4358892693154977)	(3.0, 1.0908511824189824)	(4.0, 1.0138811476497598)	(5.0, 0.7365236085675612)	(6.0, 0.6290309738036468)	(7.0, 0.5480797303394643)	(8.0, 0.48836159991506756)	(9.0, 0.38219603471613983)	('>10', 4.60891259919845)	('>50', 1.074926347639143)	('>100', 2.940786156010298)	('>500', 12.092257876157868)	('>1k', 69.94850970087853)	('>5k', 0.0)	('>10k+', 0.0)
SRR29920118_1	(1.0, 5.051256998402581)	(2.0, 2.8226244203539137)	(3.0, 1.4609407714139486)	(4.0, 0.94914623365747)	(5.0, 0.7134105677817584)	(6.0, 0.5490159586842228)	(7.0, 0.434249910823679)	(8.0, 0.459064191442175)	(9.0, 0.5443632810682547)	('>10', 11.38975480388964)	('>50', 10.578638006172552)	('>100', 38.28843499433924)	('>500', 16.197521673723227)	('>1k', 10.561578188247337)	('>5k', 0.0)	('>10k+', 0.0)
SRR29920118_2	(1.0, 3.190185952015385)	(2.0, 1.4671443415685725)	(3.0, 0.9724096217373098)	(4.0, 0.868499821647358)	(5.0, 0.7521828812481584)	(6.0, 0.6234588005397106)	(7.0, 0.5102436452178228)	(8.0, 0.3598070689681912)	(9.0, 0.474573116828735)	('>10', 5.26838195381442)	('>50', 1.0065292575877416)	('>100', 5.49326137191954)	('>500', 5.814296127421331)	('>1k', 73.19902603948573)	('>5k', 0.0)	('>10k+', 0.0)
SRR29920119_1	(1.0, 4.641423268799983)	(2.0, 2.3504712846429383)	(3.0, 1.3895051240706873)	(4.0, 0.9306654257794323)	(5.0, 0.5519062408691983)	(6.0, 0.5908643284599652)	(7.0, 0.4545110218922809)	(8.0, 0.37226617031177295)	(9.0, 0.438278485396128)	('>10', 7.3046414232688)	('>50', 6.968086833248563)	('>100', 32.98343199108293)	('>500', 20.326382200482648)	('>1k', 20.697566201694677)	('>5k', 0.0)	('>10k+', 0.0)
SRR29920119_2	(1.0, 2.856926423322909)	(2.0, 1.2856168904953087)	(3.0, 0.9771986970684038)	(4.0, 0.9220080729814841)	(5.0, 0.6979990693345742)	(6.0, 0.5064551386799702)	(7.0, 0.4014847360048481)	(8.0, 0.4501823454933068)	(9.0, 0.3408832664192107)	('>10', 4.28755397318385)	('>50', 1.3105067797894099)	('>100', 4.370880993864102)	('>500', 7.169370285800859)	('>1k', 61.35898795545792)	('>5k', 13.063945372103843)	('>10k+', 0.0)
SRR29920120_1	(1.0, 4.911648157281586)	(2.0, 2.394598547594347)	(3.0, 1.500025510637936)	(4.0, 0.8435517610843721)	(5.0, 0.8418510518886375)	(6.0, 0.8469531794758414)	(7.0, 0.5714382897668328)	(8.0, 0.6802836782938485)	(9.0, 0.5357233966564058)	('>10', 12.661779962244255)	('>50', 10.865831051548495)	('>100', 32.09068181431657)	('>500', 18.229901869079406)	('>1k', 13.025731730131465)	('>5k', 0.0)	('>10k+', 0.0)
SRR29920120_2	(1.0, 2.904811306314733)	(2.0, 1.2925389887583123)	(3.0, 1.0357319002023844)	(4.0, 0.7959319036038028)	(5.0, 0.6802836782938485)	(6.0, 0.602051055290056)	(7.0, 0.4285787173251246)	(8.0, 0.462592901239817)	(9.0, 0.3673531862786782)	('>10', 5.156550281467371)	('>50', 1.3724723209578393)	('>100', 1.0017177162876918)	('>500', 7.001819758839437)	('>1k', 76.89756628514091)	('>5k', 0.0)	('>10k+', 0.0)
SRR29920121_1	(1.0, 5.215950941866817)	(2.0, 2.6573155474105272)	(3.0, 1.469629420782745)	(4.0, 0.9445100354191263)	(5.0, 0.7841547868684912)	(6.0, 0.5920809177254225)	(7.0, 0.4687307265326261)	(8.0, 0.4229149412324446)	(9.0, 0.41234206770163356)	('>10', 12.735026167861987)	('>50', 7.8767907804542805)	('>100', 32.65431989991013)	('>500', 29.216373856808048)	('>1k', 4.549859909425717)	('>5k', 0.0)	('>10k+', 0.0)
SRR29920121_2	(1.0, 3.148954166593244)	(2.0, 1.5753581560908563)	(3.0, 1.1418703413276003)	(4.0, 0.91631570600363)	(5.0, 0.7401011471567781)	(6.0, 0.5074979294789336)	(7.0, 0.43172566917478716)	(8.0, 0.366526282401452)	(9.0, 0.15859310296216675)	('>10', 3.9366332446386725)	('>50', 0.8564027559957005)	('>100', 6.648575305291724)	('>500', 10.467144795503005)	('>1k', 69.10430139738145)	('>5k', 0.0)	('>10k+', 0.0)
SRR29920122_1	(1.0, 3.9951006335909027)	(2.0, 2.1049129757602336)	(3.0, 1.2747425564410033)	(4.0, 0.9496302792941284)	(5.0, 0.6729068061877184)	(6.0, 0.6532488545462793)	(7.0, 0.4657422388894769)	(8.0, 0.4234020353540699)	(9.0, 0.4491085875005671)	('>10', 8.849102538900063)	('>50', 9.11524096112262)	('>100', 11.046256672362432)	('>500', 13.81651570367906)	('>1k', 46.18408915637144)	('>5k', 0.0)	('>10k+', 0.0)
SRR29920122_2	(1.0, 3.158881613766615)	(2.0, 1.3064977090925587)	(3.0, 1.0116284344709743)	(4.0, 0.7923666661626166)	(5.0, 0.7107105593443317)	(6.0, 0.6532488545462793)	(7.0, 0.4445721371217734)	(8.0, 0.3992076333338374)	(9.0, 0.3130150761367589)	('>10', 5.106530976395336)	('>50', 1.6391707368707567)	('>100', 3.276829323615248)	('>500', 7.583432883216645)	('>1k', 55.261526364337456)	('>5k', 18.34238103158882)	('>10k+', 0.0)
SRR29920123_1	(1.0, 3.283787686907063)	(2.0, 1.7840876269190606)	(3.0, 1.2630807171898955)	(4.0, 0.8842675909262592)	(5.0, 0.7720678086604901)	(6.0, 0.4665733519962674)	(7.0, 0.4665733519962674)	(8.0, 0.42658135039658734)	(9.0, 0.23995200959808036)	('>10', 7.21078006620898)	('>50', 5.230065098091493)	('>100', 9.294807705125642)	('>500', 10.860050212179786)	('>1k', 52.02403963651714)	('>5k', 5.793285787286987)	('>10k+', 0.0)
SRR29920123_2	(1.0, 2.631695883045613)	(2.0, 0.8598280343931213)	(3.0, 0.6698660267946411)	(4.0, 0.5332266879957341)	(5.0, 0.49990001999600076)	(6.0, 0.4199160167966407)	(7.0, 0.505454464662623)	(8.0, 0.3821457930636095)	(9.0, 0.39992001599680066)	('>10', 4.989002199560088)	('>50', 2.271767868648493)	('>100', 3.5903930325046103)	('>500', 0.6620898042613699)	('>1k', 30.53611499922238)	('>5k', 51.04867915305827)	('>10k+', 0.0)
SRR29920124_1	(1.0, 4.817955698309798)	(2.0, 2.5891615581973797)	(3.0, 1.4277600423040013)	(4.0, 1.0419318827239077)	(5.0, 0.7540296519712489)	(6.0, 0.6698133531796548)	(7.0, 0.5483852014336356)	(8.0, 0.36036741808496053)	(9.0, 0.61693335161284)	('>10', 12.434634442507688)	('>50', 8.043635793885505)	('>100', 33.418202471650446)	('>500', 21.161793219608686)	('>1k', 12.11539591453025)	('>5k', 0.0)	('>10k+', 0.0)
SRR29920124_2	(1.0, 2.9593215691650836)	(2.0, 1.3474607806655046)	(3.0, 1.1104800329031121)	(4.0, 0.6972326132513367)	(5.0, 0.47983705125443116)	(6.0, 0.6580622417203628)	(7.0, 0.47983705125443116)	(8.0, 0.39170371530973974)	(9.0, 0.370160010967704)	('>10', 4.506551244638556)	('>50', 1.2025304060009008)	('>100', 4.032589749113771)	('>500', 9.022895082159854)	('>1k', 49.16273330852543)	('>5k', 23.57860514306978)	('>10k+', 0.0)
SRR29920125_1	(1.0, 5.262551060745816)	(2.0, 2.674924232441692)	(3.0, 1.512056924495981)	(4.0, 1.2452233495849256)	(5.0, 0.7000263539333246)	(6.0, 0.7115561997628146)	(7.0, 0.5995519831334827)	(8.0, 0.5534325998155225)	(9.0, 0.4743707998418764)	('>10', 14.858677032547106)	('>50', 10.488865463170379)	('>100', 37.259520358413496)	('>500', 14.87514824087495)	('>1k', 8.784095401238636)	('>5k', 0.0)	('>10k+', 0.0)
SRR29920125_2	(1.0, 2.977994465674002)	(2.0, 1.3539333245486889)	(3.0, 0.938858874687047)	(4.0, 0.915799183028067)	(5.0, 0.6176703122941098)	(6.0, 0.6917907497694031)	(7.0, 0.47272367900909207)	(8.0, 0.46119383317960205)	(9.0, 0.4595467123468177)	('>10', 4.804651469231783)	('>50', 0.624258795625247)	('>100', 3.776848069574384)	('>500', 5.575504018974832)	('>1k', 66.20437475293187)	('>5k', 10.124851759125049)	('>10k+', 0.0)
SRR29920126_1	(1.0, 5.219487581992487)	(2.0, 2.489207826428211)	(3.0, 1.5095027190671078)	(4.0, 1.0259572798116277)	(5.0, 0.7428379211750855)	(6.0, 0.7989011605090542)	(7.0, 0.6082861467735605)	(8.0, 0.4933565061389247)	(9.0, 0.643325671357291)	('>10', 13.806974266973146)	('>50', 5.8642148343331275)	('>100', 45.28648315299658)	('>500', 19.294163816785336)	('>1k', 2.2173011156584628)	('>5k', 0.0)	('>10k+', 0.0)
SRR29920126_2	(1.0, 2.901272635532881)	(2.0, 1.3791556876156303)	(3.0, 1.0595952234120087)	(4.0, 0.8857991814767057)	(5.0, 0.6727588720076245)	(6.0, 0.5382070976060996)	(7.0, 0.5297976117060044)	(8.0, 0.392442675337781)	(9.0, 0.3910410943544318)	('>10', 5.386275719011045)	('>50', 1.8024331445870942)	('>100', 1.8795200986713012)	('>500', 6.385602960139036)	('>1k', 68.49946739922633)	('>5k', 7.296630599316028)	('>10k+', 0.0)
SRR29920127_1	(1.0, 4.247902075840747)	(2.0, 2.2209603129534985)	(3.0, 1.4622373651334468)	(4.0, 1.0915515174458956)	(5.0, 0.7413716953751025)	(6.0, 0.5583948514101835)	(7.0, 0.3975014196479273)	(8.0, 0.4290491513660168)	(9.0, 0.42589437819420783)	('>10', 9.593665215471008)	('>50', 6.615559341283362)	('>100', 13.574988958293899)	('>500', 25.4574421099123)	('>1k', 33.18348160767241)	('>5k', 0.0)	('>10k+', 0.0)
SRR29920127_2	(1.0, 2.7872420972932046)	(2.0, 1.252444949208152)	(3.0, 0.9133068332386902)	(4.0, 0.7445264685469115)	(5.0, 0.5205375733484763)	(6.0, 0.7098239636570131)	(7.0, 0.47479336235724656)	(8.0, 0.416430058678781)	(9.0, 0.26973310618966495)	('>10', 4.288914127074263)	('>50', 1.1199444759921762)	('>100', 2.828254148526721)	('>500', 7.615622436746798)	('>1k', 64.72648116600416)	('>5k', 11.331945233137738)	('>10k+', 0.0)
SRR29920128_1	(1.0, 3.724442866594588)	(2.0, 2.001000500250125)	(3.0, 1.2828995142732658)	(4.0, 0.9101324855976376)	(5.0, 0.6051412803175781)	(6.0, 0.5131598057093062)	(7.0, 0.40665494037341254)	(8.0, 0.400200100050025)	(9.0, 0.36308476819054686)	('>10', 5.2235795317013345)	('>50', 4.006842130742791)	('>100', 10.684374445287158)	('>500', 15.428682082976971)	('>1k', 54.449805547935256)	('>5k', 0.0)	('>10k+', 0.0)
SRR29920128_2	(1.0, 2.5625716083848378)	(2.0, 1.019864771095225)	(3.0, 0.7213284061385532)	(4.0, 0.6777582339556876)	(5.0, 0.64548403233875)	(6.0, 0.5712533686197938)	(7.0, 0.5647985282964063)	(8.0, 0.33565169681615004)	(9.0, 0.37760815891816873)	('>10', 4.273104294082525)	('>50', 1.3393793671029064)	('>100', 2.6626216333973436)	('>500', 5.1461214478206845)	('>1k', 47.75936355274412)	('>5k', 31.343090900288857)	('>10k+', 0.0)
SRR29920129_1	(1.0, 3.6762403396921224)	(2.0, 2.0541854027581197)	(3.0, 1.3715445219635005)	(4.0, 0.9118579104926288)	(5.0, 0.6575898392975688)	(6.0, 0.6012249959292058)	(7.0, 0.48223254881821714)	(8.0, 0.39079624735398377)	(9.0, 0.21418640479977957)	('>10', 7.580445157007403)	('>50', 7.8685321342234795)	('>100', 8.827987023560505)	('>500', 10.424990918997459)	('>1k', 54.93818655510603)	('>5k', 0.0)	('>10k+', 0.0)
SRR29920129_2	(1.0, 2.739331387702444)	(2.0, 0.9995365557323046)	(3.0, 0.8492303067500031)	(4.0, 0.5611433295339254)	(5.0, 0.5886994751806807)	(6.0, 0.4734646842942496)	(7.0, 0.4120896326264764)	(8.0, 0.39079624735398377)	(9.0, 0.3607349975575235)	('>10', 4.469105803073763)	('>50', 1.340230720092188)	('>100', 4.398962886882022)	('>500', 1.619549832784298)	('>1k', 36.33904079562108)	('>5k', 44.45808334481506)	('>10k+', 0.0)
SRR29920130_1	(1.0, 3.948765809545264)	(2.0, 2.210922665980111)	(3.0, 1.1730441219064782)	(4.0, 0.93328613265536)	(5.0, 0.6275544685096386)	(6.0, 0.5406623113313809)	(7.0, 0.4843433205676954)	(8.0, 0.373314453062144)	(9.0, 0.23171241914202043)	('>10', 6.7357512953367875)	('>50', 4.925498020789753)	('>100', 18.70755961767451)	('>500', 13.56804943198275)	('>1k', 45.539535931516106)	('>5k', 0.0)	('>10k+', 0.0)
SRR29920130_2	(1.0, 2.621246741544106)	(2.0, 1.1907443761464938)	(3.0, 0.7627200463424838)	(4.0, 0.559971679593216)	(5.0, 0.6436456087278344)	(6.0, 0.5213529430695459)	(7.0, 0.3942329353457986)	(8.0, 0.38618736523670066)	(9.0, 0.44894281208766457)	('>10', 4.486209892833006)	('>50', 1.6895697229105655)	('>100', 1.5994593376886685)	('>500', 7.03826473143887)	('>1k', 48.19618318154024)	('>5k', 29.461268625494803)	('>10k+', 0.0)
SRR29920131_1	(1.0, 4.5224257045728695)	(2.0, 2.452023248163176)	(3.0, 1.3093540958438425)	(4.0, 1.0790656870270863)	(5.0, 0.8553569470336659)	(6.0, 0.6184888693935738)	(7.0, 0.6908652264502687)	(8.0, 0.5088277223379757)	(9.0, 0.37504112293014585)	('>10', 8.976861497971269)	('>50', 9.987937273823883)	('>100', 20.614102423511348)	('>500', 9.608509705011514)	('>1k', 38.40114047592938)	('>5k', 0.0)	('>10k+', 0.0)
SRR29920131_2	(1.0, 3.412654896370216)	(2.0, 1.3992762364294329)	(3.0, 0.9408926417370326)	(4.0, 0.798333150564755)	(5.0, 0.7018313411558285)	(6.0, 0.5000548305735277)	(7.0, 0.44522425704572866)	(8.0, 0.5263735058668714)	(9.0, 0.27634609058010745)	('>10', 3.710933216361443)	('>50', 0.7500822458602917)	('>100', 11.698651167891217)	('>500', 6.809957232152648)	('>1k', 55.81752385129949)	('>5k', 12.211865336111416)	('>10k+', 0.0)
SRR29920132_1	(1.0, 4.260874395866896)	(2.0, 2.3776456863507582)	(3.0, 1.172157102383201)	(4.0, 0.8666185211932671)	(5.0, 0.7406995907634761)	(6.0, 0.5555246930726071)	(7.0, 0.7258855989482066)	(8.0, 0.4740477380886247)	(9.0, 0.41664351980445535)	('>10', 10.019813714052923)	('>50', 6.57370886802585)	('>100', 17.876784623076496)	('>500', 10.292020813658501)	('>1k', 43.64757513471474)	('>5k', 0.0)	('>10k+', 0.0)
SRR29920132_2	(1.0, 3.1109382812065998)	(2.0, 1.2925207858822658)	(3.0, 0.9666129659463363)	(4.0, 0.6814436235023981)	(5.0, 0.7129233561098457)	(6.0, 0.5999666685184156)	(7.0, 0.4536784993426291)	(8.0, 0.4740477380886247)	(9.0, 0.34998055663574246)	('>10', 4.768253615539877)	('>50', 1.0499416699072273)	('>100', 5.336740551450846)	('>500', 9.54206247801048)	('>1k', 57.29311334555488)	('>5k', 13.367775864303836)	('>10k+', 0.0)
SRR29920133_1	(1.0, 4.046594982078853)	(2.0, 1.924731182795699)	(3.0, 1.4623655913978495)	(4.0, 0.9247311827956989)	(5.0, 0.6451612903225806)	(6.0, 0.6236559139784946)	(7.0, 0.5017921146953405)	(8.0, 0.45878136200716846)	(9.0, 0.4032258064516129)	('>10', 7.252688172043011)	('>50', 4.856630824372759)	('>100', 9.992831541218639)	('>500', 19.157706093189965)	('>1k', 47.74910394265233)	('>5k', 0.0)	('>10k+', 0.0)
SRR29920133_2	(1.0, 2.9910394265232974)	(2.0, 1.146953405017921)	(3.0, 0.9569892473118279)	(4.0, 0.7383512544802868)	(5.0, 0.6451612903225806)	(6.0, 0.5806451612903226)	(7.0, 0.4014336917562724)	(8.0, 0.5304659498207885)	(9.0, 0.4032258064516129)	('>10', 4.60931899641577)	('>50', 1.4426523297491038)	('>100', 4.598566308243727)	('>500', 4.041218637992832)	('>1k', 41.11648745519713)	('>5k', 35.79749103942652)	('>10k+', 0.0)
SRR29920134_1	(1.0, 4.150003772730702)	(2.0, 2.090092809175281)	(3.0, 1.3864785331623029)	(4.0, 0.9130008300007545)	(5.0, 0.6979551799592545)	(6.0, 0.5545914132649212)	(7.0, 0.46215951105410097)	(8.0, 0.6790915264468422)	(9.0, 0.5432732211574738)	('>10', 8.941371764883423)	('>50', 6.398551271410247)	('>100', 19.646495133177392)	('>500', 8.467894061721875)	('>1k', 45.06904097185543)	('>5k', 0.0)	('>10k+', 0.0)
SRR29920134_2	(1.0, 3.625594205085641)	(2.0, 1.3393193993812722)	(3.0, 0.9846827133479212)	(4.0, 0.9356372142156493)	(5.0, 0.6507960461782237)	(6.0, 0.49800045272768434)	(7.0, 0.5677959707236098)	(8.0, 0.3320003018184562)	(9.0, 0.32256847506225006)	('>10', 4.5631177846525315)	('>50', 1.0110918282652985)	('>100', 2.239115671923338)	('>500', 11.753942503584094)	('>1k', 48.113634648758776)	('>5k', 23.062702784275256)	('>10k+', 0.0)
SRR29920135_1	(1.0, 4.994477674024987)	(2.0, 2.6794038756687755)	(3.0, 1.48027023538018)	(4.0, 0.9352094897944547)	(5.0, 0.8391066741253927)	(6.0, 0.5507982271182065)	(7.0, 0.6124761535923806)	(8.0, 0.504898374858356)	(9.0, 0.4260080037867378)	('>10', 11.288494915156992)	('>50', 11.256938766728345)	('>100', 39.189867607613635)	('>500', 15.953067401064303)	('>1k', 9.288982601087254)	('>5k', 0.0)	('>10k+', 0.0)
SRR29920135_2	(1.0, 3.0724213606437454)	(2.0, 1.3454394193668688)	(3.0, 1.127415121132579)	(4.0, 0.7688225253524965)	(5.0, 0.6741540800665548)	(6.0, 0.5938293386118163)	(7.0, 0.43174548531921914)	(8.0, 0.4130986703386548)	(9.0, 0.361461336546323)	('>10', 5.185248934979991)	('>50', 2.061190240543913)	('>100', 2.348064317167979)	('>500', 4.795100190771261)	('>1k', 67.25332415336288)	('>5k', 9.568684825795717)	('>10k+', 0.0)
SRR29920136_1	(1.0, 5.080939772765358)	(2.0, 2.69128933874049)	(3.0, 1.4478667426349834)	(4.0, 0.8043704125749908)	(5.0, 0.6200355263598887)	(6.0, 0.6233870697456179)	(7.0, 0.45748567215202596)	(8.0, 0.4826222475449945)	(9.0, 0.4675403023092134)	('>10', 12.415792472433555)	('>50', 5.387605992559574)	('>100', 40.19003250997084)	('>500', 23.060294265509267)	('>1k', 6.270737674699199)	('>5k', 0.0)	('>10k+', 0.0)
SRR29920136_2	(1.0, 3.4654958608439186)	(2.0, 1.4244059389348795)	(3.0, 1.0356269061903007)	(4.0, 0.8110734993464491)	(5.0, 0.6703086771458256)	(6.0, 0.5731139189596809)	(7.0, 0.45748567215202596)	(8.0, 0.4289975533733284)	(9.0, 0.42229446660187014)	('>10', 5.414418339645407)	('>50', 2.07795689915206)	('>100', 1.410999765391963)	('>500', 5.271977745751919)	('>1k', 66.32704360357945)	('>5k', 10.208801152930924)	('>10k+', 0.0)
SRR29920137_1	(1.0, 5.184679391494903)	(2.0, 2.52802743989583)	(3.0, 1.381522533108902)	(4.0, 0.95277416076476)	(5.0, 0.643122558516213)	(6.0, 0.5430812716359132)	(7.0, 0.5891320227395433)	(8.0, 0.40651697525963093)	(9.0, 0.24295741099501383)	('>10', 13.300727284276052)	('>50', 11.001365642963764)	('>100', 32.86118080477657)	('>500', 24.370375075427955)	('>1k', 5.994537428144948)	('>5k', 0.0)	('>10k+', 0.0)
SRR29920137_2	(1.0, 3.885730618985613)	(2.0, 1.5149109156159686)	(3.0, 1.1290373805062406)	(4.0, 0.8574967446882841)	(5.0, 0.7145806205735701)	(6.0, 0.6288309461047417)	(7.0, 0.5669006256550323)	(8.0, 0.4319242862133579)	(9.0, 0.44303998475561346)	('>10', 4.865500047638708)	('>50', 1.8118588623876521)	('>100', 3.0187061326896814)	('>500', 4.843268650554197)	('>1k', 65.6524915044304)	('>5k', 9.63572267920094)	('>10k+', 0.0)
SRR29920138_1	(1.0, 4.454094149898063)	(2.0, 2.2345339153871846)	(3.0, 1.357997673320356)	(4.0, 0.9030281390018314)	(5.0, 0.6622974233750677)	(6.0, 0.497586933735703)	(7.0, 0.34669830336677454)	(8.0, 0.5252306522765754)	(9.0, 0.31099183358481436)	('>10', 9.610799479376634)	('>50', 7.717204759326876)	('>100', 36.03819440445064)	('>500', 20.418341607251868)	('>1k', 14.923000725647611)	('>5k', 0.0)	('>10k+', 0.0)
SRR29920138_2	(1.0, 2.027206026330642)	(2.0, 0.8915099229431347)	(3.0, 0.6945484283394188)	(4.0, 0.6127690943226712)	(5.0, 0.5989472350522351)	(6.0, 0.47685414483004873)	(7.0, 0.3225100496435112)	(8.0, 0.43308492380700075)	(9.0, 0.35245741139612297)	('>10', 4.295142768288048)	('>50', 1.4478397585781915)	('>100', 2.1953719807876153)	('>500', 1.5445927734712448)	('>1k', 55.80460498278027)	('>5k', 16.28099839896797)	('>10k+', 12.02156210046188)
SRR29920139_1	(1.0, 4.352756788440219)	(2.0, 2.265574230048803)	(3.0, 1.288242714611552)	(4.0, 0.8104078798149823)	(5.0, 0.7709068668051325)	(6.0, 0.65750073268008)	(7.0, 0.6154512672179818)	(8.0, 0.4689152512137005)	(9.0, 0.41284929726423625)	('>10', 10.349265408580639)	('>50', 7.51538628168045)	('>100', 25.526573987945824)	('>500', 17.77418162820627)	('>1k', 27.19198766549013)	('>5k', 0.0)	('>10k+', 0.0)
SRR29920139_2	(1.0, 2.846621389161432)	(2.0, 1.2003211050089833)	(3.0, 0.883038774704061)	(4.0, 0.7339543062475312)	(5.0, 0.5096904904496744)	(6.0, 0.5504657296856484)	(7.0, 0.4994966806406809)	(8.0, 0.417946202168733)	(9.0, 0.42431733329935395)	('>10', 4.724830846468482)	('>50', 1.246193249149454)	('>100', 3.6850622459511464)	('>500', 6.796722690146409)	('>1k', 49.814600084098934)	('>5k', 25.66673887281948)	('>10k+', 0.0)
SRR29920140_1	(1.0, 4.917305620683099)	(2.0, 2.524554844433179)	(3.0, 1.338318230783854)	(4.0, 1.0341549965147963)	(5.0, 0.6843672771053799)	(6.0, 0.6995754388188328)	(7.0, 0.6032570813002979)	(8.0, 0.5474938216843038)	(9.0, 0.38780812369304857)	('>10', 13.389519041885812)	('>50', 10.157784677777073)	('>100', 30.17045814587162)	('>500', 12.857233381914963)	('>1k', 20.688169317533745)	('>5k', 0.0)	('>10k+', 0.0)
SRR29920140_2	(1.0, 2.86420378936696)	(2.0, 1.272416196692225)	(3.0, 1.011342753944617)	(4.0, 0.7857550218617325)	(5.0, 0.7920917559090045)	(6.0, 0.5627019833977568)	(7.0, 0.3725999619795957)	(8.0, 0.2838856853177872)	(9.0, 0.3535897598377796)	('>10', 4.637221975793676)	('>50', 1.5284202522020152)	('>100', 2.732399721183702)	('>500', 5.253152525188518)	('>1k', 62.89335276598441)	('>5k', 14.65686585134022)	('>10k+', 0.0)
SRR29920141_1	(1.0, 4.526692078288863)	(2.0, 2.3462958939821856)	(3.0, 1.427922501135623)	(4.0, 1.0901980921533387)	(5.0, 0.7801236347836391)	(6.0, 0.5924989631268146)	(7.0, 0.6082989354768629)	(8.0, 0.5371990599016452)	(9.0, 0.5865739734955464)	('>10', 9.948057590899216)	('>50', 6.624138407757786)	('>100', 18.116643295874233)	('>500', 20.90138842257026)	('>1k', 31.91396915055399)	('>5k', 0.0)	('>10k+', 0.0)
SRR29920141_2	(1.0, 2.8459700195524658)	(2.0, 1.2047478916911896)	(3.0, 0.8828234550589537)	(4.0, 0.6240989078269114)	(5.0, 0.651748859439496)	(6.0, 0.5569490253392057)	(7.0, 0.42857424999506244)	(8.0, 0.42659925345130645)	(9.0, 0.23107459561945765)	('>10', 4.3430173997195505)	('>50', 1.8643967373057095)	('>100', 2.816345071396125)	('>500', 13.87830071297375)	('>1k', 54.63630438646733)	('>5k', 14.60904943416349)	('>10k+', 0.0)
SRR29920142_1	(1.0, 4.360189573459715)	(2.0, 2.2797423745291043)	(3.0, 1.2978490703609187)	(4.0, 0.8166241341596792)	(5.0, 0.8506501397496659)	(6.0, 0.6999635435654393)	(7.0, 0.7315591201847127)	(8.0, 0.34998177178271966)	(9.0, 0.5468465184104995)	('>10', 7.813829140843359)	('>50', 4.547332604204643)	('>100', 24.814679790983106)	('>500', 13.654149957467492)	('>1k', 37.236602260298945)	('>5k', 0.0)	('>10k+', 0.0)
SRR29920142_2	(1.0, 3.3977397010572368)	(2.0, 1.4533965244865719)	(3.0, 0.969741159314619)	(4.0, 0.7485721229797059)	(5.0, 0.5346943735569328)	(6.0, 0.5103900838497994)	(7.0, 0.5614290922347794)	(8.0, 0.330538340017013)	(9.0, 0.30623405030987966)	('>10', 4.024790375501277)	('>50', 2.2943249483533843)	('>100', 7.923198444525459)	('>500', 8.518653542350226)	('>1k', 55.289828654757564)	('>5k', 13.136468586705554)	('>10k+', 0.0)
SRR29920143_1	(1.0, 4.847772782999591)	(2.0, 2.6086364255551016)	(3.0, 1.5478136493665713)	(4.0, 0.8513826454161557)	(5.0, 0.7492167279662171)	(6.0, 0.7151614221495709)	(7.0, 0.7151614221495709)	(8.0, 0.5040185260863642)	(9.0, 0.5057212913771966)	('>10', 14.5603460019071)	('>50', 11.718430731507969)	('>100', 23.69738455251328)	('>500', 22.18532897425419)	('>1k', 14.793624846751124)	('>5k', 0.0)	('>10k+', 0.0)
SRR29920143_2	(1.0, 2.802751668709985)	(2.0, 1.2941016210325569)	(3.0, 0.7917858602370249)	(4.0, 0.6402397493529493)	(5.0, 0.45974662852472414)	(6.0, 0.3780138945647732)	(7.0, 0.5006129955046996)	(8.0, 0.5312627707396812)	(9.0, 0.3218226399673069)	('>10', 4.054284157471734)	('>50', 1.1187167960768287)	('>100', 4.859692140035418)	('>500', 9.142146846478681)	('>1k', 40.370862280343275)	('>5k', 32.73395995096036)	('>10k+', 0.0)
SRR29920144_1	(1.0, 4.50517738923782)	(2.0, 2.2656028970746336)	(3.0, 1.2222033610592429)	(4.0, 0.796695524246025)	(5.0, 0.6846602161489277)	(6.0, 0.5364114751315566)	(7.0, 0.427771176370735)	(8.0, 0.5341481355740395)	(9.0, 0.6009166525207945)	('>10', 9.646353194137951)	('>50', 6.983534204719064)	('>100', 35.24472358965654)	('>500', 7.60595258303627)	('>1k', 28.945849601086405)	('>5k', 0.0)	('>10k+', 0.0)
SRR29920144_2	(1.0, 2.44101171278221)	(2.0, 1.1067730436258698)	(3.0, 0.8759124087591241)	(4.0, 0.7650087704407854)	(5.0, 0.6111016805296214)	(6.0, 0.5975216431845187)	(7.0, 0.4515362417246647)	(8.0, 0.3802410456628756)	(9.0, 0.427771176370735)	('>10', 4.542522491936853)	('>50', 0.8227239291574718)	('>100', 1.838963390482657)	('>500', 3.2229955299043738)	('>1k', 66.44485939002999)	('>5k', 15.47105754540825)	('>10k+', 0.0)
SRR29920145_1	(1.0, 4.994668517170759)	(2.0, 2.548956552646277)	(3.0, 1.4978927948817766)	(4.0, 0.8936580742345515)	(5.0, 0.7447150618621261)	(6.0, 0.7514851987881455)	(7.0, 0.5923869810266913)	(8.0, 0.7040942403060102)	(9.0, 0.48744985867339163)	('>10', 11.918826058257029)	('>50', 11.480459692297277)	('>100', 30.52146979672664)	('>500', 15.42575698593504)	('>1k', 17.438180187194284)	('>5k', 0.0)	('>10k+', 0.0)
SRR29920145_2	(1.0, 2.6268131272954998)	(2.0, 1.3777228644449333)	(3.0, 1.0053653335138701)	(4.0, 0.8056462941963001)	(5.0, 0.7447150618621261)	(6.0, 0.5686915017856237)	(7.0, 0.5686915017856237)	(8.0, 0.392667941709121)	(9.0, 0.3960530101721307)	('>10', 4.138246196029314)	('>50', 0.20310410778057986)	('>100', 4.055312018685578)	('>500', 5.427957280435996)	('>1k', 68.5831795948073)	('>5k', 9.105834165495997)	('>10k+', 0.0)
SRR29920146_1	(1.0, 4.988347077805665)	(2.0, 2.5994980279670132)	(3.0, 1.2818214413768376)	(4.0, 1.051750926257918)	(5.0, 0.6797537946695351)	(6.0, 0.6185012549300825)	(7.0, 0.627465041233417)	(8.0, 0.40635831241783194)	(9.0, 0.5378271782000718)	('>10', 11.933787498506035)	('>50', 9.33877136369069)	('>100', 35.39799211186806)	('>500', 15.679156208915979)	('>1k', 14.85896976216087)	('>5k', 0.0)	('>10k+', 0.0)
SRR29920146_2	(1.0, 2.9326520855742797)	(2.0, 1.3087128002868411)	(3.0, 0.9949802796701327)	(4.0, 0.7051511891956496)	(5.0, 0.627465041233417)	(6.0, 0.6633201864467552)	(7.0, 0.5228875343611809)	(8.0, 0.3824548822756066)	(9.0, 0.389924704195052)	('>10', 4.650711127046732)	('>50', 0.7888131946934385)	('>100', 3.7244532090354965)	('>500', 5.627763834110195)	('>1k', 57.40856937970599)	('>5k', 19.272140552169237)	('>10k+', 0.0)
SRR29920147_1	(1.0, 2.969403901039587)	(2.0, 1.7893320320009465)	(3.0, 1.1401446253493632)	(4.0, 0.8931872291971666)	(5.0, 0.7615752037028822)	(6.0, 0.48799964509116717)	(7.0, 0.4451148277952768)	(8.0, 0.307587655087766)	(9.0, 0.37265427443325494)	('>10', 3.926178962778936)	('>50', 3.606761013264718)	('>100', 10.040962394451592)	('>500', 12.809251290241486)	('>1k', 51.91428951688035)	('>5k', 8.535557428685507)	('>10k+', 0.0)
SRR29920147_2	(1.0, 3.0817916980908864)	(2.0, 1.0026174526418525)	(3.0, 0.6920722239474735)	(4.0, 0.5855995741094007)	(5.0, 0.6506661934548896)	(6.0, 0.39927243689277314)	(7.0, 0.4347633201721308)	(8.0, 0.3312482439406711)	(9.0, 0.33272703074397764)	('>10', 5.143220501900241)	('>50', 1.6858169557694869)	('>100', 2.4089437025863982)	('>500', 1.9253804179051506)	('>1k', 30.452656640492144)	('>5k', 32.619079307336264)	('>10k+', 18.254144300016268)
SRR29920148_1	(1.0, 2.9463704805279303)	(2.0, 1.564581590606314)	(3.0, 1.1711125569290826)	(4.0, 0.7621526164141649)	(5.0, 0.6428726337639805)	(6.0, 0.5576726461567061)	(7.0, 0.3686835827369334)	(8.0, 0.27263996034327853)	(9.0, 0.20912724230876478)	('>10', 5.410973758403817)	('>50', 2.7651268705270007)	('>100', 8.84066053226756)	('>500', 10.778572977662112)	('>1k', 54.44279208104843)	('>5k', 9.266660470303933)	('>10k+', 0.0)
SRR29920148_2	(1.0, 2.975803203519534)	(2.0, 0.9294544102611766)	(3.0, 0.7853889766706944)	(4.0, 0.5266908324813335)	(5.0, 0.44923629829290207)	(6.0, 0.520494469746259)	(7.0, 0.3686835827369334)	(8.0, 0.2974254112835765)	(9.0, 0.3624872200018589)	('>10', 4.51559934318555)	('>50', 1.651330668897357)	('>100', 3.5272794869411657)	('>500', 2.1052142392415654)	('>1k', 27.728723239458436)	('>5k', 34.6237258729126)	('>10k+', 18.632462744369054)
SRR29920149_1	(1.0, 4.466387122954146)	(2.0, 2.353577708643311)	(3.0, 1.5582307588259163)	(4.0, 0.9630731773299067)	(5.0, 0.6763154335181929)	(6.0, 0.6817259569863384)	(7.0, 0.37873664277018804)	(8.0, 0.3895576897064791)	(9.0, 0.43825240091978895)	('>10', 11.6542675503855)	('>50', 6.8470174489381845)	('>100', 18.041390504531314)	('>500', 28.848911132152033)	('>1k', 22.7025564723387)	('>5k', 0.0)	('>10k+', 0.0)
SRR29920149_2	(1.0, 4.103882050588394)	(2.0, 1.7259569863384283)	(3.0, 1.0712836466928175)	(4.0, 0.9306100365210334)	(5.0, 0.7033680508589206)	(6.0, 0.568104964155282)	(7.0, 0.662789124847829)	(8.0, 0.45448397132422563)	(9.0, 0.4625997565264439)	('>10', 3.627755985391587)	('>50', 1.647504396050318)	('>100', 11.632625456512917)	('>500', 13.334235087244691)	('>1k', 59.07480048694711)	('>5k', 0.0)	('>10k+', 0.0)
SRR29920150_1	(1.0, 4.535668497060887)	(2.0, 2.515784126369772)	(3.0, 1.3207866663441303)	(4.0, 0.89020053702315)	(5.0, 0.5805655676237935)	(6.0, 0.5225090108614142)	(7.0, 0.2878637606134643)	(8.0, 0.3676915261617359)	(9.0, 0.500737802075522)	('>10', 10.921889740922614)	('>50', 5.590362611577445)	('>100', 20.336728029221803)	('>500', 30.77481313045792)	('>1k', 20.85439899368635)	('>5k', 0.0)	('>10k+', 0.0)
SRR29920150_2	(1.0, 3.7301337719828735)	(2.0, 1.5626889861873776)	(3.0, 1.2046735528193715)	(4.0, 0.9772853721667191)	(5.0, 0.6773264955610924)	(6.0, 0.711192820339147)	(7.0, 0.5079948716708194)	(8.0, 0.5999177532112533)	(9.0, 0.500737802075522)	('>10', 4.767894724110404)	('>50', 1.2603110863833185)	('>100', 3.0141029052468613)	('>500', 7.571542611093641)	('>1k', 72.9141972471516)	('>5k', 0.0)	('>10k+', 0.0)
SRR29920151_1	(1.0, 4.906009012576126)	(2.0, 2.168297603559779)	(3.0, 1.3236042762599696)	(4.0, 0.9729057073363878)	(5.0, 0.5939249957576785)	(6.0, 0.7579614231574184)	(7.0, 0.8050983275826309)	(8.0, 0.543017138978449)	(9.0, 0.509078567792296)	('>10', 14.280596564662407)	('>50', 7.062993759073855)	('>100', 24.878858155627203)	('>500', 25.74994814940513)	('>1k', 15.447706318230669)	('>5k', 0.0)	('>10k+', 0.0)
SRR29920151_2	(1.0, 3.3523766427211195)	(2.0, 1.6101966551652618)	(3.0, 1.1821935629843316)	(4.0, 0.8748609461319455)	(5.0, 0.5844976148726361)	(6.0, 0.565642853102551)	(7.0, 0.5015366630842619)	(8.0, 0.3921790448177687)	(9.0, 0.3224164262684541)	('>10', 4.6024473480777575)	('>50', 1.8496521296453419)	('>100', 2.711314742538228)	('>500', 10.556781115070612)	('>1k', 70.89390425551973)	('>5k', 0.0)	('>10k+', 0.0)
SRR29920152_1	(1.0, 5.0281993862486525)	(2.0, 2.305714522683918)	(3.0, 1.2565314754914159)	(4.0, 0.9620967073069586)	(5.0, 0.8708633988554367)	(6.0, 0.9455088330430456)	(7.0, 0.6676619391225014)	(8.0, 0.8293937131956539)	(9.0, 0.522518039313262)	('>10', 13.80318487185867)	('>50', 11.248652235216056)	('>100', 38.95662270879986)	('>500', 12.48859583644356)	('>1k', 10.114456332421)	('>5k', 0.0)	('>10k+', 0.0)
SRR29920152_2	(1.0, 4.2174670315999006)	(2.0, 1.816372231898482)	(3.0, 1.2627519283403832)	(4.0, 0.8708633988554367)	(5.0, 0.6738823919714688)	(6.0, 0.6344861905946753)	(7.0, 0.44994608940864234)	(8.0, 0.4478726051256532)	(9.0, 0.2425976611097288)	('>10', 5.7518454010118605)	('>50', 2.023720660197396)	('>100', 6.919217052334743)	('>500', 21.630588040142655)	('>1k', 53.058389317408974)	('>5k', 0.0)	('>10k+', 0.0)
SRR29920153_1	(1.0, 5.050440283833462)	(2.0, 2.6972728049927333)	(3.0, 1.2887919979481919)	(4.0, 0.8207232623749678)	(5.0, 0.8762930665982731)	(6.0, 0.602718645806617)	(7.0, 0.6582884500299222)	(8.0, 0.6155424467812259)	(9.0, 0.5193639394716595)	('>10', 14.80721552534838)	('>50', 8.55347525006412)	('>100', 31.681200307771224)	('>500', 25.963922373258104)	('>1k', 5.8647516457211255)	('>5k', 0.0)	('>10k+', 0.0)
SRR29920153_2	(1.0, 3.513721467042832)	(2.0, 1.5089339146789775)	(3.0, 1.2118491921005385)	(4.0, 0.9404120714713174)	(5.0, 0.7694280584765324)	(6.0, 0.807899461400359)	(7.0, 0.4488330341113106)	(8.0, 0.3590664272890485)	(9.0, 0.30777122339061297)	('>10', 5.3475250064119)	('>50', 1.0430024792681885)	('>100', 5.691630332563905)	('>500', 11.584166880396683)	('>1k', 66.4657604513978)	('>5k', 0.0)	('>10k+', 0.0)
SRR29920154_1	(1.0, 3.7149942348091174)	(2.0, 2.1576029441961113)	(3.0, 1.1893667767054699)	(4.0, 0.9034764890777274)	(5.0, 0.5607240447947434)	(6.0, 0.4643742793511397)	(7.0, 0.45331774889039816)	(8.0, 0.41698914880510496)	(9.0, 0.3696040182590703)	('>10', 6.90085451185418)	('>50', 5.711487735148711)	('>100', 10.551089068250382)	('>500', 17.61937104136722)	('>1k', 48.986747958490625)	('>5k', 0.0)	('>10k+', 0.0)
SRR29920154_2	(1.0, 3.2616764859187186)	(2.0, 1.1530381766201767)	(3.0, 0.9192715325930723)	(4.0, 0.6191657058015195)	(5.0, 0.6239042188561229)	(6.0, 0.6065296709892436)	(7.0, 0.5086004011941053)	(8.0, 0.34117293993144954)	(9.0, 0.4406817140781223)	('>10', 5.4145409170602266)	('>50', 1.7485113171486786)	('>100', 4.672173871839017)	('>500', 1.8764511696229724)	('>1k', 45.93356604697446)	('>5k', 31.880715831372115)	('>10k+', 0.0)
SRR29920155_1	(1.0, 4.104483002730543)	(2.0, 2.08041377118338)	(3.0, 1.1832353323605473)	(4.0, 0.9072915613216406)	(5.0, 0.8162734588323678)	(6.0, 0.4334195356632041)	(7.0, 0.5056561249404048)	(8.0, 0.3467356285305633)	(9.0, 0.3900775820968837)	('>10', 9.876186485978879)	('>50', 9.312741089616711)	('>100', 19.95319069014837)	('>500', 11.674877558981175)	('>1k', 38.41541817761532)	('>5k', 0.0)	('>10k+', 0.0)
SRR29920155_2	(1.0, 3.2448675903318547)	(2.0, 1.150006501293035)	(3.0, 0.8191629224034557)	(4.0, 0.6414609127815422)	(5.0, 0.7801551641937674)	(6.0, 0.5461086149356372)	(7.0, 0.4854298799427886)	(8.0, 0.43919846280538016)	(9.0, 0.23404654925813026)	('>10', 4.711270352659029)	('>50', 1.3407110969848448)	('>100', 1.4562896398283658)	('>500', 7.240995709146597)	('>1k', 49.347703598826875)	('>5k', 27.562593004608694)	('>10k+', 0.0)
SRR29920156_1	(1.0, 4.488146551724138)	(2.0, 2.3168103448275863)	(3.0, 1.3658405172413794)	(4.0, 0.959051724137931)	(5.0, 0.8822737068965518)	(6.0, 0.6384698275862069)	(7.0, 0.4808728448275862)	(8.0, 0.5280172413793104)	(9.0, 0.3515625)	('>10', 8.212553879310343)	('>50', 6.769935344827586)	('>100', 33.01050646551724)	('>500', 19.071928879310345)	('>1k', 20.924030172413794)	('>5k', 0.0)	('>10k+', 0.0)
SRR29920156_2	(1.0, 3.1627155172413794)	(2.0, 1.2796336206896552)	(3.0, 0.9172952586206897)	(4.0, 0.959051724137931)	(5.0, 0.7273706896551724)	(6.0, 0.581896551724138)	(7.0, 0.5185883620689655)	(8.0, 0.5711206896551724)	(9.0, 0.4485452586206896)	('>10', 4.737338362068966)	('>50', 1.4291487068965518)	('>100', 3.10614224137931)	('>500', 6.769935344827586)	('>1k', 74.7912176724138)	('>5k', 0.0)	('>10k+', 0.0)
SRR29920157_1	(1.0, 3.5234977425410765)	(2.0, 1.9611189548973669)	(3.0, 1.149674956945371)	(4.0, 0.8688501698912385)	(5.0, 0.6904255814314306)	(6.0, 0.539928319860984)	(7.0, 0.4561463391929002)	(8.0, 0.35995221324065596)	(9.0, 0.3211642592276543)	('>10', 7.043892448761113)	('>50', 5.521853133290925)	('>100', 13.940390672272818)	('>500', 2.573968628302794)	('>1k', 52.40407738972584)	('>5k', 8.645059190417824)	('>10k+', 0.0)
SRR29920157_2	(1.0, 2.9478845049881306)	(2.0, 1.12950522085861)	(3.0, 0.7307650536049525)	(4.0, 0.6206072642080275)	(5.0, 0.5585465377872247)	(6.0, 0.5771647557134657)	(7.0, 0.4887282205638217)	(8.0, 0.5213101019347431)	(9.0, 0.3490915861170155)	('>10', 4.97261570446682)	('>50', 2.128682916233535)	('>100', 5.157246365568708)	('>500', 3.027011931174654)	('>1k', 38.09442539524925)	('>5k', 22.106030751089943)	('>10k+', 16.590383690441097)
SRR29920158_1	(1.0, 4.361066800258395)	(2.0, 2.2649071229878843)	(3.0, 1.3170210802473203)	(4.0, 0.9017441630522195)	(5.0, 0.7316783779151781)	(6.0, 0.44296204500810776)	(7.0, 0.3968201653197633)	(8.0, 0.3374948914347488)	(9.0, 0.2017059312090491)	('>10', 8.934386247083175)	('>50', 6.678707500032958)	('>100', 24.254808643033236)	('>500', 24.407736015714608)	('>1k', 24.76896101670336)	('>5k', 0.0)	('>10k+', 0.0)
SRR29920158_2	(1.0, 2.9135301174640422)	(2.0, 1.2814259159163117)	(3.0, 0.838463870908204)	(4.0, 0.8226437978722002)	(5.0, 0.6591697098334937)	(6.0, 0.6960832135841694)	(7.0, 0.46141879688344556)	(8.0, 0.49569562179478727)	(9.0, 0.41527691719510107)	('>10', 4.951682860269205)	('>50', 1.2128722660936284)	('>100', 0.9188825755078903)	('>500', 10.416199754788869)	('>1k', 65.62561797160296)	('>5k', 8.291036610285685)	('>10k+', 0.0)
SRR29920159_1	(1.0, 4.897123554099704)	(2.0, 2.5263588903674887)	(3.0, 1.320503633944109)	(4.0, 1.0318353976865595)	(5.0, 0.7574982086191012)	(6.0, 0.626471491452554)	(7.0, 0.6162350291739175)	(8.0, 0.5241068686661889)	(9.0, 0.44221517043709696)	('>10', 11.95209335653598)	('>50', 6.829767632306274)	('>100', 33.21527280171973)	('>500', 16.425427372300135)	('>1k', 18.835090592691166)	('>5k', 0.0)	('>10k+', 0.0)
SRR29920159_2	(1.0, 3.7301668543351414)	(2.0, 1.6255502098474768)	(3.0, 1.3696386528815643)	(4.0, 0.8762411710512846)	(5.0, 0.7574982086191012)	(6.0, 0.6141877367181902)	(7.0, 0.4585935100829153)	(8.0, 0.3603234722080049)	(9.0, 0.27638448152318557)	('>10', 4.948305865492886)	('>50', 1.9551642952195722)	('>100', 11.931620431978708)	('>500', 16.26164397584195)	('>1k', 54.834681134200025)	('>5k', 0.0)	('>10k+', 0.0)
SRR29920160_1	(1.0, 5.373720429287634)	(2.0, 2.7983758744924607)	(3.0, 1.5669379896681217)	(4.0, 1.1437503574219867)	(5.0, 0.8482815150879736)	(6.0, 0.777750243046951)	(7.0, 0.5737814293066966)	(8.0, 0.5795001810938066)	(9.0, 0.5833126822852132)	('>10', 15.215692254903828)	('>50', 11.054347204483502)	('>100', 44.54717017099068)	('>500', 12.82144150670047)	('>1k', 2.1159381612306754)	('>5k', 0.0)	('>10k+', 0.0)
SRR29920160_2	(1.0, 3.539907356221049)	(2.0, 1.4754379610743629)	(3.0, 1.0808440877637775)	(4.0, 0.8768752740235232)	(5.0, 0.7815627442383576)	(6.0, 0.7663127394727312)	(7.0, 0.44034388760746485)	(8.0, 0.48800015250004763)	(9.0, 0.3774376179492556)	('>10', 4.2528450790140875)	('>50', 1.023656569892678)	('>100', 5.613908004346251)	('>500', 6.235345698545531)	('>1k', 73.04752282735089)	('>5k', 0.0)	('>10k+', 0.0)
SRR29920161_1	(1.0, 4.752868413192065)	(2.0, 2.7129126913007573)	(3.0, 1.7025987032839598)	(4.0, 1.026127598264017)	(5.0, 0.8346072074921371)	(6.0, 0.6536292235517369)	(7.0, 0.799465851387205)	(8.0, 0.604431325004832)	(9.0, 0.6325444098887776)	('>10', 15.101997786094564)	('>50', 11.50352292094952)	('>100', 27.20819496424367)	('>500', 13.71742835556024)	('>1k', 18.749670549786515)	('>5k', 0.0)	('>10k+', 0.0)
SRR29920161_2	(1.0, 2.953630980619542)	(2.0, 1.2369757348936095)	(3.0, 1.0067998524063042)	(4.0, 0.6957988508776554)	(5.0, 0.6676857659937097)	(6.0, 0.5798323757313795)	(7.0, 0.45508056155887056)	(8.0, 0.5482051552369406)	(9.0, 0.3162722049443888)	('>10', 4.255618224307276)	('>50', 2.1611934004533233)	('>100', 4.633387802435296)	('>500', 6.873649254124717)	('>1k', 62.65879500289916)	('>5k', 10.957074833517826)	('>10k+', 0.0)
SRR29920162_1	(1.0, 4.662700989687508)	(2.0, 2.3690157674623995)	(3.0, 1.4806348546639998)	(4.0, 0.9715042730602385)	(5.0, 0.7857755149751929)	(6.0, 0.45977608644829465)	(7.0, 0.5182221991324)	(8.0, 0.42600722134192276)	(9.0, 0.47925812400966306)	('>10', 10.800841624022652)	('>50', 10.159233187001584)	('>100', 32.70124944800894)	('>500', 10.45016494791802)	('>1k', 23.73561576226719)	('>5k', 0.0)	('>10k+', 0.0)
SRR29920162_2	(1.0, 2.9326960542379923)	(2.0, 1.2962048990830455)	(3.0, 0.9896875081175156)	(4.0, 0.7688910824220069)	(5.0, 0.7533054523729121)	(6.0, 0.5610826817674105)	(7.0, 0.4636724939605683)	(8.0, 0.467568901472842)	(9.0, 0.43250123386237893)	('>10', 5.014676468296231)	('>50', 1.3403641842221472)	('>100', 4.576980024417487)	('>500', 2.6885211834688416)	('>1k', 63.72314725822792)	('>5k', 13.990700574070708)	('>10k+', 0.0)
SRR29920163_1	(1.0, 4.746546077241517)	(2.0, 2.696636685564182)	(3.0, 1.5511479825101)	(4.0, 0.9775723619677801)	(5.0, 0.7398294235980648)	(6.0, 0.588538462817337)	(7.0, 0.5004239471977922)	(8.0, 0.5054115612894645)	(9.0, 0.34414537232539194)	('>10', 12.96280902425643)	('>50', 7.662637782839282)	('>100', 25.265590450381552)	('>500', 21.28048679113535)	('>1k', 20.178224076875757)	('>5k', 0.0)	('>10k+', 0.0)
SRR29920163_2	(1.0, 2.7564880546642505)	(2.0, 1.3499808808126486)	(3.0, 0.9077457646843671)	(4.0, 0.784717950423116)	(5.0, 0.6234517614590434)	(6.0, 0.6483898319174051)	(7.0, 0.570250544481205)	(8.0, 0.4921112570450049)	(9.0, 0.38903389915044306)	('>10', 4.590267502369116)	('>50', 0.962609519692763)	('>100', 3.0723702804701656)	('>500', 4.857936125288866)	('>1k', 58.107366706013394)	('>5k', 19.887279921528204)	('>10k+', 0.0)
SRR29920164_1	(1.0, 5.540222147425109)	(2.0, 2.742062156400763)	(3.0, 1.4203971726691351)	(4.0, 0.7988331650398294)	(5.0, 0.7741501178054527)	(6.0, 0.6866374957926624)	(7.0, 0.8167844721193761)	(8.0, 0.4846852911477617)	(9.0, 0.4039044092898014)	('>10', 18.285650173903285)	('>50', 12.622012790306295)	('>100', 39.874340850443176)	('>500', 12.864355435880176)	('>1k', 2.6859643217771794)	('>5k', 0.0)	('>10k+', 0.0)
SRR29920164_2	(1.0, 3.3232357231010883)	(2.0, 1.5034219679120386)	(3.0, 1.2386401884887244)	(4.0, 0.7898575115000561)	(5.0, 0.7292718501065859)	(6.0, 0.6462470548636823)	(7.0, 0.5183439919219118)	(8.0, 0.39492875575002806)	(9.0, 0.2625378660383709)	('>10', 4.247728037697745)	('>50', 0.6081005273196455)	('>100', 10.512734208459554)	('>500', 11.978009648827555)	('>1k', 63.24694266801302)	('>5k', 0.0)	('>10k+', 0.0)
SRR29920165_1	(1.0, 4.802687742681684)	(2.0, 2.4812050780712145)	(3.0, 1.2557486299672294)	(4.0, 1.073995538787762)	(5.0, 0.7504199597940132)	(6.0, 0.4874287445267535)	(7.0, 0.5493900256106629)	(8.0, 0.3965521989370198)	(9.0, 0.5452592735384022)	('>10', 10.778509073885385)	('>50', 9.000908765455899)	('>100', 36.52824057500069)	('>500', 18.82796794536392)	('>1k', 12.521686448379368)	('>5k', 0.0)	('>10k+', 0.0)
SRR29920165_2	(1.0, 2.7896345661333406)	(2.0, 1.3521328449866439)	(3.0, 1.0120342577038526)	(4.0, 0.9418114724754221)	(5.0, 0.709112439071407)	(6.0, 0.6443973232726572)	(7.0, 0.5590284471126042)	(8.0, 0.45162889323382815)	(9.0, 0.42133671137058354)	('>10', 4.338666593231074)	('>50', 1.001018918844491)	('>100', 4.955525569355327)	('>500', 5.554484619833118)	('>1k', 66.66758461157161)	('>5k', 8.601602731804036)	('>10k+', 0.0)
SRR29920166_1	(1.0, 5.455906139101466)	(2.0, 2.8100330734133214)	(3.0, 1.4122588899886537)	(4.0, 0.859425922796514)	(5.0, 0.6880235617893441)	(6.0, 0.6373270888153924)	(7.0, 0.6759529729860223)	(8.0, 0.5793882625594476)	(9.0, 0.5431764961494822)	('>10', 17.00987374164112)	('>50', 13.026579436544914)	('>100', 47.0294280955025)	('>500', 9.272626318711827)	('>1k', 0.0)	('>5k', 0.0)	('>10k+', 0.0)
SRR29920166_2	(1.0, 3.3314825097168237)	(2.0, 1.8009318494556164)	(3.0, 1.1225647587089298)	(4.0, 0.8014870965405694)	(5.0, 0.6638823841827004)	(6.0, 0.6228423822514062)	(7.0, 0.3210776621683606)	(8.0, 0.40557178379161335)	(9.0, 0.3259058976896893)	('>10', 3.893971947951621)	('>50', 1.1273929942302585)	('>100', 8.311807449967409)	('>500', 11.015619341911497)	('>1k', 66.25546194143351)	('>5k', 0.0)	('>10k+', 0.0)
SRR29920167_1	(1.0, 5.314189819131084)	(2.0, 2.598048356019641)	(3.0, 1.4171172851016223)	(4.0, 0.9447448567344148)	(5.0, 0.7251331137215903)	(6.0, 0.6712660824165579)	(7.0, 0.6961277891727267)	(8.0, 0.6629788468311683)	(9.0, 0.522095841879545)	('>10', 13.390100897093252)	('>50', 8.854911222988791)	('>100', 49.44579112022707)	('>500', 12.59452628089585)	('>1k', 2.1629684877866864)	('>5k', 0.0)	('>10k+', 0.0)
SRR29920167_2	(1.0, 3.4392027679366852)	(2.0, 1.5704311434313298)	(3.0, 1.2182236310522718)	(4.0, 0.8121490873681811)	(5.0, 0.6733378913129053)	(6.0, 0.6339735222823046)	(7.0, 0.7251331137215903)	(8.0, 0.563532019806493)	(9.0, 0.428864441543912)	('>10', 4.340439637847806)	('>50', 0.8763751631549506)	('>100', 6.926057140489361)	('>500', 11.999917127644146)	('>1k', 65.79236331240807)	('>5k', 0.0)	('>10k+', 0.0)
SRR29920168_1	(1.0, 4.788306451612903)	(2.0, 2.4891439205955335)	(3.0, 1.2639578163771712)	(4.0, 0.92535153019024)	(5.0, 0.7043527708850289)	(6.0, 0.6668734491315136)	(7.0, 0.5970843672456576)	(8.0, 0.5686517783291977)	(9.0, 0.546681141439206)	('>10', 10.220223325062035)	('>50', 9.668372622001655)	('>100', 38.17204301075269)	('>500', 10.666098014888338)	('>1k', 18.722859801488834)	('>5k', 0.0)	('>10k+', 0.0)
SRR29920168_2	(1.0, 3.254239040529363)	(2.0, 1.3673490488006617)	(3.0, 1.1398883374689825)	(4.0, 0.8684863523573202)	(5.0, 0.620347394540943)	(6.0, 0.5738213399503722)	(7.0, 0.4613833746898263)	(8.0, 0.5376344086021506)	(9.0, 0.3838399503722084)	('>10', 4.6681141439205955)	('>50', 0.816790736145575)	('>100', 5.125620347394541)	('>500', 3.5295181968569067)	('>1k', 68.72673697270471)	('>5k', 7.926230355665839)	('>10k+', 0.0)
SRR29920169_1	(1.0, 5.199613650998068)	(2.0, 2.5917578879587895)	(3.0, 1.2942691564713458)	(4.0, 1.0173857050869286)	(5.0, 0.8612363168061816)	(6.0, 0.5988409529942048)	(7.0, 0.7211848036059241)	(8.0, 0.6052801030264005)	(9.0, 0.6084996780424984)	('>10', 12.158725048293626)	('>50', 9.533161622665807)	('>100', 37.00740502253703)	('>500', 16.86735350933677)	('>1k', 10.935286542176433)	('>5k', 0.0)	('>10k+', 0.0)
SRR29920169_2	(1.0, 3.1712813908564073)	(2.0, 1.5582743077913714)	(3.0, 1.0238248551191242)	(4.0, 0.8370895041854475)	(5.0, 0.6600128783000644)	(6.0, 0.6761107533805538)	(7.0, 0.5746941403734708)	(8.0, 0.42498390212491954)	(9.0, 0.39117836445589177)	('>10', 4.357694784288474)	('>50', 1.313586606567933)	('>100', 6.722472633612362)	('>500', 6.867353509336767)	('>1k', 71.4214423696072)	('>5k', 0.0)	('>10k+', 0.0)
SRR29920170_1	(1.0, 4.985563749379334)	(2.0, 2.578295970722916)	(3.0, 1.401327767254538)	(4.0, 1.0813395369365724)	(5.0, 0.6344594221821727)	(6.0, 0.6179083068208986)	(7.0, 0.6050352170954632)	(8.0, 0.44136307630064187)	(9.0, 0.4468801147543998)	('>10', 12.527355315666549)	('>50', 7.6319031943652655)	('>100', 31.41217794288026)	('>500', 18.25404123066738)	('>1k', 17.38234915497361)	('>5k', 0.0)	('>10k+', 0.0)
SRR29920170_2	(1.0, 4.04582819942255)	(2.0, 1.4638542030637953)	(3.0, 1.1530610368354268)	(4.0, 1.0224911267631536)	(5.0, 0.8551409603324934)	(6.0, 0.8606579987862515)	(7.0, 0.45055814039023856)	(8.0, 0.2648178457803851)	(9.0, 0.3144711918642073)	('>10', 5.117972672269526)	('>50', 1.1935193188296522)	('>100', 1.1034076907516046)	('>500', 10.053883075565038)	('>1k', 72.10033653934568)	('>5k', 0.0)	('>10k+', 0.0)
SRR29920171_1	(1.0, 5.4161642523248705)	(2.0, 2.7650683008209316)	(3.0, 1.5361490560116284)	(4.0, 0.9249929799639913)	(5.0, 0.7185213326506004)	(6.0, 0.7928511256834211)	(7.0, 0.5896830247270445)	(8.0, 0.47571067541005274)	(9.0, 0.35678300655753953)	('>10', 13.189408830379412)	('>50', 13.656860639896928)	('>100', 36.57190994532631)	('>500', 19.170479509753722)	('>1k', 3.8354173204935496)	('>5k', 0.0)	('>10k+', 0.0)
SRR29920171_2	(1.0, 2.8955583819229944)	(2.0, 1.3511504600188302)	(3.0, 0.946466031284584)	(4.0, 0.8919575163938489)	(5.0, 0.7598156621132786)	(6.0, 0.4063362019127534)	(7.0, 0.4162468409837961)	(8.0, 0.2907120794172544)	(9.0, 0.32705108934441124)	('>10', 4.230191110156753)	('>50', 1.0026263193538265)	('>100', 4.297913810475546)	('>500', 5.507011777142763)	('>1k', 76.67696271947936)	('>5k', 0.0)	('>10k+', 0.0)
SRR29920172_1	(1.0, 4.200259846583729)	(2.0, 2.1997971060921566)	(3.0, 1.457632548454269)	(4.0, 0.9966718280029189)	(5.0, 0.7830992934308648)	(6.0, 0.608681723530354)	(7.0, 0.5357111075515688)	(8.0, 0.44138323811557834)	(9.0, 0.3363767419509851)	('>10', 7.001619591720505)	('>50', 6.382259241461548)	('>100', 16.776122590634845)	('>500', 10.09486180077242)	('>1k', 48.18552334169826)	('>5k', 0.0)	('>10k+', 0.0)
SRR29920172_2	(1.0, 3.04340861765177)	(2.0, 1.3419474255610728)	(3.0, 0.98777297239575)	(4.0, 0.7902183779165999)	(5.0, 0.6852118817520068)	(6.0, 0.533931336430135)	(7.0, 0.49833591400145943)	(8.0, 0.49833591400145943)	(9.0, 0.3523946820438892)	('>10', 4.896150355064339)	('>50', 1.0233683948244257)	('>100', 3.883460586968516)	('>500', 5.999608450353285)	('>1k', 52.70614199014007)	('>5k', 22.759713100895222)	('>10k+', 0.0)
SRR29920173_1	(1.0, 4.266011297777126)	(2.0, 2.0064558726432398)	(3.0, 1.1609566429462255)	(4.0, 0.8950187073582275)	(5.0, 0.6602597021495121)	(6.0, 0.47318611987381703)	(7.0, 0.4621817915046585)	(8.0, 0.3374660699875284)	(9.0, 0.42916880639718286)	('>10', 9.733328442520724)	('>50', 7.81307314210256)	('>100', 11.332624165505099)	('>500', 5.351771696867434)	('>1k', 55.07849754236667)	('>5k', 0.0)	('>10k+', 0.0)
SRR29920173_2	(1.0, 3.024356246790404)	(2.0, 1.313183185386252)	(3.0, 0.9298657471938963)	(4.0, 0.7849754236666421)	(5.0, 0.6602597021495121)	(6.0, 0.594233731934561)	(7.0, 0.42366664221260364)	(8.0, 0.3227936321619837)	(9.0, 0.42916880639718286)	('>10', 4.029418237840217)	('>50', 0.9188614188247377)	('>100', 11.05384784681975)	('>500', 7.8424180177536496)	('>1k', 32.25368645000366)	('>5k', 35.41926491086494)	('>10k+', 0.0)
SRR29920174_1	(1.0, 5.942684766214177)	(2.0, 2.863441234481958)	(3.0, 1.5106160807518274)	(4.0, 0.8075182735816221)	(5.0, 0.7657500870170553)	(6.0, 0.7379046293073442)	(7.0, 0.8121591831999071)	(8.0, 0.631163708086785)	(9.0, 0.5847546119039332)	('>10', 19.5150249448892)	('>50', 14.284719805081798)	('>100', 45.603898364079356)	('>500', 5.940364311405035)	('>1k', 0.0)	('>5k', 0.0)	('>10k+', 0.0)
SRR29920174_2	(1.0, 4.211625478593804)	(2.0, 1.7078547395289478)	(3.0, 1.0442046641141665)	(4.0, 1.0302819352593109)	(5.0, 0.7193409908342034)	(6.0, 0.5569091541942222)	(7.0, 0.6822137138879221)	(8.0, 0.3712727694628147)	(9.0, 0.33414549251653325)	('>10', 5.355609699501103)	('>50', 0.7123796264067758)	('>100', 7.427775844065438)	('>500', 10.801717136558766)	('>1k', 65.044668755076)	('>5k', 0.0)	('>10k+', 0.0)
SRR29920175_1	(1.0, 5.32366343177154)	(2.0, 2.5948728651431354)	(3.0, 1.4087446519878952)	(4.0, 0.8695954641900587)	(5.0, 0.7739399631291524)	(6.0, 0.636543879787123)	(7.0, 0.6330654979303627)	(8.0, 0.6261087342168423)	(9.0, 0.42262339559636863)	('>10', 13.497860795158093)	('>50', 12.198685171658145)	('>100', 39.04309715120526)	('>500', 19.551984416849283)	('>1k', 2.419214581376744)	('>5k', 0.0)	('>10k+', 0.0)
SRR29920175_2	(1.0, 3.1548923440815333)	(2.0, 1.3774392152770532)	(3.0, 1.0591672753834915)	(4.0, 0.7443737173466903)	(5.0, 0.7217642352777488)	(6.0, 0.5530627152248774)	(7.0, 0.5234964694424153)	(8.0, 0.473059932519392)	(9.0, 0.3600125221746844)	('>10', 4.360151657448955)	('>50', 0.8226373091237957)	('>100', 6.099342585829072)	('>500', 6.2750008695954635)	('>1k', 63.29089707468086)	('>5k', 10.184702076593968)	('>10k+', 0.0)
SRR29920176_1	(1.0, 5.177091735719)	(2.0, 2.3758891251741585)	(3.0, 1.4904304465791596)	(4.0, 1.0412847400454646)	(5.0, 0.687467918163819)	(6.0, 0.5939722812935396)	(7.0, 0.6288039891471731)	(8.0, 0.5866392901664589)	(9.0, 0.5609738212216763)	('>10', 14.499156706020386)	('>50', 9.217569846740485)	('>100', 36.217643176651755)	('>500', 20.01723252914864)	('>1k', 6.905844393928283)	('>5k', 0.0)	('>10k+', 0.0)
SRR29920176_2	(1.0, 3.2833467771504)	(2.0, 1.2686074649849675)	(3.0, 1.0284520055730733)	(4.0, 0.8359609884872039)	(5.0, 0.5958055290753098)	(6.0, 0.5169758744591919)	(7.0, 0.4748111754784777)	(8.0, 0.4253134853706827)	(9.0, 0.2969861406467698)	('>10', 5.100095328884652)	('>50', 0.8652929529955269)	('>100', 2.843367309525555)	('>500', 7.138666862213097)	('>1k', 65.33878419007112)	('>5k', 9.987533915083963)	('>10k+', 0.0)
SRR29920177_1	(1.0, 4.746632456703015)	(2.0, 2.745349583066068)	(3.0, 1.4393842206542655)	(4.0, 1.0673508659397049)	(5.0, 0.6670942912123156)	(6.0, 0.6465683130211674)	(7.0, 0.5747273893521488)	(8.0, 0.4105195638229635)	(9.0, 0.18473380372033354)	('>10', 9.500962155227711)	('>50', 11.281590763309813)	('>100', 19.273893521488134)	('>500', 13.05708787684413)	('>1k', 34.40410519563823)	('>5k', 0.0)	('>10k+', 0.0)
SRR29920177_2	(1.0, 3.86914688903143)	(2.0, 1.7395766516998077)	(3.0, 1.1930724823604875)	(4.0, 1.0981398332264272)	(5.0, 0.6286080821039127)	(6.0, 0.600384862091084)	(7.0, 0.3232841565105837)	(8.0, 0.47209749839640797)	(9.0, 0.4387427838357921)	('>10', 3.681847338037204)	('>50', 0.7568954457985888)	('>100', 15.173829377806285)	('>500', 13.636946760744067)	('>1k', 56.387427838357915)	('>5k', 0.0)	('>10k+', 0.0)
SRR29920178_1	(1.0, 5.211734090371422)	(2.0, 2.6590962857818785)	(3.0, 1.4407381121362668)	(4.0, 1.088242252188313)	(5.0, 0.8753252898036433)	(6.0, 0.6671398154719659)	(7.0, 0.7286491601608706)	(8.0, 0.5867045185710906)	(9.0, 0.553584102200142)	('>10', 13.88455169150698)	('>50', 8.795836290513366)	('>100', 29.14123491838183)	('>500', 17.16820440028389)	('>1k', 17.19895907262834)	('>5k', 0.0)	('>10k+', 0.0)
SRR29920178_2	(1.0, 3.061272770286255)	(2.0, 1.4998817127986752)	(3.0, 1.171043293115685)	(4.0, 0.8516678495386799)	(5.0, 0.7215519280813816)	(6.0, 0.48261178140525196)	(7.0, 0.5133664537497042)	(8.0, 0.41637094866335467)	(9.0, 0.36195883605393897)	('>10', 3.6929264253607763)	('>50', 0.7854270167967825)	('>100', 4.43813579370712)	('>500', 15.959309202744262)	('>1k', 66.04447598769812)	('>5k', 0.0)	('>10k+', 0.0)
SRR29920179_1	(1.0, 4.437342630253728)	(2.0, 2.2506294789850863)	(3.0, 1.3306217315514237)	(4.0, 1.0613984117760993)	(5.0, 0.7650590741816774)	(6.0, 0.6856478791400349)	(7.0, 0.5694363742010459)	(8.0, 0.6817741623087352)	(9.0, 0.3486345148169669)	('>10', 9.88378849506101)	('>50', 6.374201045903545)	('>100', 12.393957001743171)	('>500', 18.349796629866358)	('>1k', 40.86771257021112)	('>5k', 0.0)	('>10k+', 0.0)
SRR29920179_2	(1.0, 3.1086577571179546)	(2.0, 1.2473368196784815)	(3.0, 0.8773968622893668)	(4.0, 0.7747433662599265)	(5.0, 0.6779004454774357)	(6.0, 0.5229517722254503)	(7.0, 0.5829943831105946)	(8.0, 0.3408870811543676)	(9.0, 0.22661243463102848)	('>10', 5.229517722254503)	('>50', 1.1253147394925431)	('>100', 4.646523339143909)	('>500', 5.944218477629285)	('>1k', 61.87487894634902)	('>5k', 12.820065853186133)	('>10k+', 0.0)
SRR29920180_1	(1.0, 4.099824539415967)	(2.0, 2.240255671136734)	(3.0, 1.3206542173204663)	(4.0, 1.0214312570497557)	(5.0, 0.7206416844216067)	(6.0, 0.5263817520992605)	(7.0, 0.40575260057651336)	(8.0, 0.5138488532397544)	(9.0, 0.5075824038100012)	('>10', 8.006955758867026)	('>50', 5.014726156159919)	('>100', 14.536596064669757)	('>500', 16.165872916405565)	('>1k', 44.919476124827675)	('>5k', 0.0)	('>10k+', 0.0)
SRR29920180_2	(1.0, 2.555144754981827)	(2.0, 1.137360571500188)	(3.0, 0.813071813510465)	(4.0, 0.6893094372728412)	(5.0, 0.6423110665496929)	(6.0, 0.5263817520992605)	(7.0, 0.44961774658478504)	(8.0, 0.4511843589422233)	(9.0, 0.33838826920666754)	('>10', 4.624639679157789)	('>50', 2.2136232610602833)	('>100', 3.553076826670009)	('>500', 5.544241132974057)	('>1k', 47.56548439654092)	('>5k', 28.89616493294899)	('>10k+', 0.0)
SRR29920181_1	(1.0, 5.788610777134113)	(2.0, 2.8068641381571755)	(3.0, 1.5018034757897039)	(4.0, 0.9705978795496775)	(5.0, 0.9181331293037491)	(6.0, 0.6820417531970707)	(7.0, 0.6273909716908952)	(8.0, 0.5946005027871898)	(9.0, 0.4328341895289103)	('>10', 15.227893758880754)	('>50', 11.518198710241556)	('>100', 50.280905016941745)	('>500', 8.650125696797465)	('>1k', 0.0)	('>5k', 0.0)	('>10k+', 0.0)
SRR29920181_2	(1.0, 3.526068422778446)	(2.0, 1.626407257623784)	(3.0, 1.213247349437097)	(4.0, 0.8481801289758444)	(5.0, 0.8853426604000437)	(6.0, 0.5377636900207673)	(7.0, 0.4896710022953328)	(8.0, 0.5596240026232375)	(9.0, 0.2557656574489015)	('>10', 5.445403869275331)	('>50', 0.5137173461580501)	('>100', 8.103617881735708)	('>500', 8.265384194993988)	('>1k', 67.72980653623347)	('>5k', 0.0)	('>10k+', 0.0)
SRR29920182_1	(1.0, 2.9596146232017952)	(2.0, 1.4957546962298183)	(3.0, 1.0822225155074567)	(4.0, 0.7654744621882011)	(5.0, 0.6983854647837754)	(6.0, 0.5279134221987594)	(7.0, 0.4003343451673925)	(8.0, 0.3607408385024856)	(9.0, 0.43552857331397654)	('>10', 6.777088557476574)	('>50', 3.12898684615723)	('>100', 5.406713299018961)	('>500', 6.28766882231314)	('>1k', 63.42879767718094)	('>5k', 6.2447758567594915)	('>10k+', 0.0)
SRR29920182_2	(1.0, 2.4899916413708154)	(2.0, 0.835862918481369)	(3.0, 0.7588755444107167)	(4.0, 0.5455105362720514)	(5.0, 0.5664071092340855)	(6.0, 0.44212749109146093)	(7.0, 0.5158154062733711)	(8.0, 0.3343451673925476)	(9.0, 0.24745941665566848)	('>10', 5.148255686067485)	('>50', 1.5419471206722097)	('>100', 2.178742686199463)	('>500', 0.0)	('>1k', 25.195767894065373)	('>5k', 46.9436012493951)	('>10k+', 12.255290132418285)
SRR29920183_1	(1.0, 2.8121525816034554)	(2.0, 1.7860722812517087)	(3.0, 1.126319050830159)	(4.0, 0.7727496400517597)	(5.0, 0.5558694344711951)	(6.0, 0.568627093622993)	(7.0, 0.5485793435273105)	(8.0, 0.3207640015309191)	(9.0, 0.27884597860358307)	('>10', 4.877070841458747)	('>50', 1.4871785525524432)	('>100', 7.022180101696769)	('>500', 14.85356029816472)	('>1k', 62.99003080063423)	('>5k', 0.0)	('>10k+', 0.0)
SRR29920183_2	(1.0, 2.526016512055988)	(2.0, 0.8930361406258543)	(3.0, 0.90214875430571)	(4.0, 0.6852685487251453)	(5.0, 0.5011937523920611)	(6.0, 0.5358216843755126)	(7.0, 0.3316991379467459)	(8.0, 0.21870272831653573)	(9.0, 0.3280540924748036)	('>10', 4.169932019901948)	('>50', 1.0880460733747652)	('>100', 2.227122783356722)	('>500', 3.9840347008328925)	('>1k', 39.082177550164936)	('>5k', 42.526745521150374)	('>10k+', 0.0)
SRR29920184_1	(1.0, 3.678674148715783)	(2.0, 2.1842756290351777)	(3.0, 1.3938333433898509)	(4.0, 0.9171544077716769)	(5.0, 0.6938997164062028)	(6.0, 0.6757979846738671)	(7.0, 0.5772441119089281)	(8.0, 0.5309841308151814)	(9.0, 0.5430519519700718)	('>10', 7.365393511534826)	('>50', 3.845612341358434)	('>100', 19.125485226975602)	('>500', 16.295581166153784)	('>1k', 42.173012329290614)	('>5k', 0.0)	('>10k+', 0.0)
SRR29920184_2	(1.0, 3.2482551941913553)	(2.0, 1.3797542187091454)	(3.0, 1.0559343510529173)	(4.0, 0.8769283372553752)	(5.0, 0.6938997164062028)	(6.0, 0.45857720388583845)	(7.0, 0.3660572416983447)	(8.0, 0.3539894205434542)	(9.0, 0.38013636637905024)	('>10', 4.501297290774151)	('>50', 1.6472575876425513)	('>100', 4.700416339829844)	('>500', 7.065709286188379)	('>1k', 59.317363583338356)	('>5k', 13.954423862105031)	('>10k+', 0.0)
SRR29920185_1	(1.0, 3.79064845102944)	(2.0, 1.9703675197229171)	(3.0, 1.166057340773523)	(4.0, 1.0236675004810467)	(5.0, 0.692707331152588)	(6.0, 0.4618048874350587)	(7.0, 0.5657109871079469)	(8.0, 0.5079853761785645)	(9.0, 0.43294208197036754)	('>10', 10.498364441023668)	('>50', 5.32614970175101)	('>100', 5.628247065614778)	('>500', 19.328458726188185)	('>1k', 48.60688858957091)	('>5k', 0.0)	('>10k+', 0.0)
SRR29920185_2	(1.0, 3.026746199730614)	(2.0, 1.281508562632288)	(3.0, 1.039060996728882)	(4.0, 0.800461804887435)	(5.0, 0.6638445256878969)	(6.0, 0.692707331152588)	(7.0, 0.444487204156244)	(8.0, 0.6311333461612468)	(9.0, 0.3983067154127381)	('>10', 4.594958629978834)	('>50', 1.3507792957475466)	('>100', 4.51029440061574)	('>500', 2.9266884741196844)	('>1k', 65.18375986145854)	('>5k', 12.45526265152973)	('>10k+', 0.0)
SRR29920186_1	(1.0, 4.318173529304497)	(2.0, 2.1372041285240164)	(3.0, 1.3020168496298188)	(4.0, 0.8242459608300813)	(5.0, 0.6291257886866771)	(6.0, 0.42671140450052886)	(7.0, 0.5361245851416901)	(8.0, 0.5543601152485503)	(9.0, 0.44312338159670295)	('>10', 6.953207629745798)	('>50', 4.0464641307122795)	('>100', 16.173091651774318)	('>500', 25.053794813815237)	('>1k', 36.60235603048981)	('>5k', 0.0)	('>10k+', 0.0)
SRR29920186_2	(1.0, 3.1292169663372116)	(2.0, 1.2910755315657025)	(3.0, 0.9518946715781028)	(4.0, 0.7877749006163609)	(5.0, 0.6929501440606879)	(6.0, 0.5033006309493416)	(7.0, 0.5488894562164922)	(8.0, 0.36471060213720413)	(9.0, 0.3774754732120063)	('>10', 4.611765564024947)	('>50', 1.6594332397242788)	('>100', 6.138079433969146)	('>500', 3.1273934133265255)	('>1k', 55.361245851416896)	('>5k', 20.454794120865095)	('>10k+', 0.0)
SRR29920187_1	(1.0, 4.041107820937119)	(2.0, 2.1092302576364585)	(3.0, 1.3491472819116086)	(4.0, 0.9437696948583554)	(5.0, 0.807588161707653)	(6.0, 0.5985653433833193)	(7.0, 0.5653117131953571)	(8.0, 0.5193900334119808)	(9.0, 0.3705404506658644)	('>10', 10.402052224034456)	('>50', 7.464648224097798)	('>100', 19.934759544583617)	('>500', 17.885702522525378)	('>1k', 33.00818672705104)	('>5k', 0.0)	('>10k+', 0.0)
SRR29920187_2	(1.0, 3.08942059508163)	(2.0, 1.4251555794840938)	(3.0, 1.0071099428354262)	(4.0, 0.8930974964766987)	(5.0, 0.6888251967506454)	(6.0, 0.5795632689901982)	(7.0, 0.36578993206758403)	(8.0, 0.3293692894807683)	(9.0, 0.2992826716916597)	('>10', 4.571582397745087)	('>50', 0.55897768839765)	('>100', 6.509793985843454)	('>500', 7.8668587987521965)	('>1k', 61.55563649031686)	('>5k', 10.259536666086047)	('>10k+', 0.0)
SRR29920188_1	(1.0, 4.142572755711442)	(2.0, 2.4330900243309004)	(3.0, 1.3792776566499194)	(4.0, 1.0048345814769173)	(5.0, 0.8373621512307644)	(6.0, 0.5403355768319272)	(7.0, 0.6082725060827251)	(8.0, 0.3665434322368629)	(9.0, 0.4408000758365722)	('>10', 10.844629822732013)	('>50', 7.8396056498246285)	('>100', 24.61370746042279)	('>500', 15.71396972856827)	('>1k', 29.23499857806427)	('>5k', 0.0)	('>10k+', 0.0)
SRR29920188_2	(1.0, 2.6700793124150786)	(2.0, 1.3145005845735773)	(3.0, 0.9669162953834487)	(4.0, 0.7394065788226373)	(5.0, 0.5845735772743073)	(6.0, 0.5118968622618258)	(7.0, 0.519796505197965)	(8.0, 0.3918222896325086)	(9.0, 0.3554839321262679)	('>10', 4.765064619079218)	('>50', 1.0237937245236517)	('>100', 3.474262963314058)	('>500', 7.406705216924195)	('>1k', 56.37027206370272)	('>5k', 18.905425474768542)	('>10k+', 0.0)
SRR29920189_1	(1.0, 4.476480821233573)	(2.0, 2.33211043938063)	(3.0, 1.3899653800444376)	(4.0, 1.1367746602593913)	(5.0, 0.7147901272843142)	(6.0, 0.640727535782566)	(7.0, 0.5425515423965277)	(8.0, 0.5925007320139858)	(9.0, 0.5580530150364285)	('>10', 9.848602283883636)	('>50', 5.732100105065537)	('>100', 32.31195852494876)	('>500', 13.971994006097246)	('>1k', 25.75139082657297)	('>5k', 0.0)	('>10k+', 0.0)
SRR29920189_2	(1.0, 3.30870321569438)	(2.0, 1.3434609621247353)	(3.0, 0.9920942489536505)	(4.0, 0.9507569885805818)	(5.0, 0.7320139857730928)	(6.0, 0.5580530150364285)	(7.0, 0.47021133674365734)	(8.0, 0.39959351693966483)	(9.0, 0.449542706557123)	('>10', 4.466146506140305)	('>50', 1.011040493291307)	('>100', 0.20840868771422175)	('>500', 5.179214247575742)	('>1k', 61.828484817168736)	('>5k', 18.102275271706368)	('>10k+', 0.0)
SRR29920190_1	(1.0, 3.719227435608854)	(2.0, 2.2095445078330163)	(3.0, 1.4320642682500873)	(4.0, 0.8279323682746667)	(5.0, 0.769718373630354)	(6.0, 0.6209492762059999)	(7.0, 0.41655347278819166)	(8.0, 0.2897763288961333)	(9.0, 0.2910699732215625)	('>10', 8.219816043776925)	('>50', 6.972742914063207)	('>100', 20.105820105820104)	('>500', 12.64925421404639)	('>1k', 41.475530717584505)	('>5k', 0.0)	('>10k+', 0.0)
SRR29920190_2	(1.0, 2.4825034604985707)	(2.0, 1.0970103879639332)	(3.0, 0.7761865952574999)	(4.0, 0.6002509669991333)	(5.0, 0.49158484366308325)	(6.0, 0.4967594209647999)	(7.0, 0.28072081861812914)	(8.0, 0.3932678749304666)	(9.0, 0.37256956572359995)	('>10', 5.001228962109158)	('>50', 1.5368494586098498)	('>100', 0.6739886935485957)	('>500', 6.99861580057179)	('>1k', 37.705851153283916)	('>5k', 26.18336114668633)	('>10k+', 14.909250850571143)
SRR29920191_1	(1.0, 4.3509287438346105)	(2.0, 2.2583691887921082)	(3.0, 1.4482107251547907)	(4.0, 0.9402875432889075)	(5.0, 0.6401511176408857)	(6.0, 0.541504879840487)	(7.0, 0.4407597859166754)	(8.0, 0.5540980165809634)	(9.0, 0.3589043971035785)	('>10', 8.378633644663658)	('>50', 6.8842480847937875)	('>100', 17.20432364361423)	('>500', 22.117745828523454)	('>1k', 33.88183440025186)	('>5k', 0.0)	('>10k+', 0.0)
SRR29920191_2	(1.0, 2.9908699758631547)	(2.0, 1.1879525658516108)	(3.0, 0.8122573197607305)	(4.0, 0.7220065064539826)	(5.0, 0.5981739951726309)	(6.0, 0.6170637002833456)	(7.0, 0.572987721691678)	(8.0, 0.43656207366984995)	(9.0, 0.2833455766607199)	('>10', 4.260677930527863)	('>50', 0.9465841116591458)	('>100', 6.078287333403296)	('>500', 9.251757792003358)	('>1k', 45.192570049323116)	('>5k', 26.048903347675516)	('>10k+', 0.0)
SRR29920192_1	(1.0, 5.110996386164171)	(2.0, 2.345895715023232)	(3.0, 1.3319566339700568)	(4.0, 0.8921011874032008)	(5.0, 0.7640681466184821)	(6.0, 0.6442953020134228)	(7.0, 0.5926690758905524)	(8.0, 0.6112545172947857)	(9.0, 0.46463603510583373)	('>10', 12.84873515745999)	('>50', 8.62570986060919)	('>100', 29.759421786267424)	('>500', 23.452762003097575)	('>1k', 12.555498193082085)	('>5k', 0.0)	('>10k+', 0.0)
SRR29920192_2	(1.0, 3.0500774393391845)	(2.0, 1.2018585441404233)	(3.0, 1.0407847186370678)	(4.0, 0.7681982447083119)	(5.0, 0.7847186370676303)	(6.0, 0.5947341249354673)	(7.0, 0.5059370160041301)	(8.0, 0.34692823954568924)	(9.0, 0.2230252968508002)	('>10', 4.8673205988642225)	('>50', 0.9127516778523489)	('>100', 3.882292204439856)	('>500', 10.909654104284977)	('>1k', 59.37842023748065)	('>5k', 11.533298915849251)	('>10k+', 0.0)
SRR29920193_1	(1.0, 5.659451604989527)	(2.0, 2.5476024230529712)	(3.0, 1.3417372761412316)	(4.0, 0.9888471627257459)	(5.0, 0.7737162914457172)	(6.0, 0.4981978071748033)	(7.0, 0.6869090977713197)	(8.0, 0.5132947104225246)	(9.0, 0.35666433922741597)	('>10', 12.909739389707687)	('>50', 10.533864241097545)	('>100', 44.80760883923685)	('>500', 15.997056103866694)	('>1k', 2.385310713139967)	('>5k', 0.0)	('>10k+', 0.0)
SRR29920193_2	(1.0, 3.6685474891962784)	(2.0, 1.7210469702402296)	(3.0, 1.1549130984506804)	(4.0, 0.8756203883678361)	(5.0, 0.6416183880281557)	(6.0, 0.5095204846105942)	(7.0, 0.5812307750372705)	(8.0, 0.3019380649544262)	(9.0, 0.22079220999792418)	('>10', 4.398860183804797)	('>50', 0.9190239852050348)	('>100', 6.818138929252138)	('>500', 18.018154026155383)	('>1k', 60.170595006699244)	('>5k', 0.0)	('>10k+', 0.0)
SRR29920194_1	(1.0, 5.123822811301011)	(2.0, 2.45204046041158)	(3.0, 1.5015695849319846)	(4.0, 0.8022322985699336)	(5.0, 0.8109522148587375)	(6.0, 0.7534007673526334)	(7.0, 0.6103941402162539)	(8.0, 0.5162190442971748)	(9.0, 0.7063132193930938)	('>10', 14.827345657481688)	('>50', 11.159748866410881)	('>100', 43.71119637251482)	('>500', 13.39379141960237)	('>1k', 3.6309731426578304)	('>5k', 0.0)	('>10k+', 0.0)
SRR29920194_2	(1.0, 3.4443669340774328)	(2.0, 1.4196023718172306)	(3.0, 0.8685036623648412)	(4.0, 0.8371119637251482)	(5.0, 0.749912800837112)	(6.0, 0.6696895709801186)	(7.0, 0.4150680153470527)	(8.0, 0.43250784792465996)	(9.0, 0.34530868503662365)	('>10', 4.2622950819672125)	('>50', 1.6585280781304501)	('>100', 4.736658528078131)	('>500', 3.9483780955702827)	('>1k', 66.1457970003488)	('>5k', 10.066271363794908)	('>10k+', 0.0)
SRR29920195_1	(1.0, 4.585614640366009)	(2.0, 2.286057151428786)	(3.0, 1.4715367884197104)	(4.0, 0.7860196504912622)	(5.0, 0.7875196879921997)	(6.0, 0.5850146253656341)	(7.0, 0.48301207530188256)	(8.0, 0.4680117002925073)	(9.0, 0.3105077626940673)	('>10', 11.887797194929874)	('>50', 6.919672991824796)	('>100', 26.72166804170104)	('>500', 27.27368184204605)	('>1k', 15.433885847146179)	('>5k', 0.0)	('>10k+', 0.0)
SRR29920195_2	(1.0, 3.0645766144153606)	(2.0, 1.2390309757743945)	(3.0, 0.9540238505962649)	(4.0, 0.8040201005025126)	(5.0, 0.6150153753843846)	(6.0, 0.4320108002700067)	(7.0, 0.44101102527563185)	(8.0, 0.4080102002550064)	(9.0, 0.25650641266031654)	('>10', 4.495612390309757)	('>50', 1.4835370884272108)	('>100', 1.59303982599565)	('>500', 4.948623715592889)	('>1k', 60.862521563039074)	('>5k', 18.40246006150154)	('>10k+', 0.0)
SRR29920196_1	(1.0, 5.597455558879564)	(2.0, 2.689297916896286)	(3.0, 1.4312481302451543)	(4.0, 0.957314480956055)	(5.0, 0.795137850136197)	(6.0, 0.6235140369384831)	(7.0, 0.4518902237407693)	(8.0, 0.7179858607170411)	(9.0, 0.481806301270646)	('>10', 14.194391522728347)	('>50', 11.160271449040323)	('>100', 43.49955125883705)	('>500', 15.265072192218671)	('>1k', 2.135063217395412)	('>5k', 0.0)	('>10k+', 0.0)
SRR29920196_2	(1.0, 2.8861142164349483)	(2.0, 1.3352017760702872)	(3.0, 0.821904866873455)	(4.0, 0.7683708333989387)	(5.0, 0.7715198941915574)	(6.0, 0.5101478484042135)	(7.0, 0.5510856387082552)	(8.0, 0.3778872951142322)	(9.0, 0.35426933916959263)	('>10', 4.868447985388357)	('>50', 1.3729905055817104)	('>100', 5.229015446143188)	('>500', 4.698398702586953)	('>1k', 65.37607658515847)	('>5k', 10.078569066775835)	('>10k+', 0.0)
SRR29920197_1	(1.0, 4.575089747098311)	(2.0, 2.4694537903057032)	(3.0, 1.4295143192903943)	(4.0, 1.0045235757175743)	(5.0, 0.8290539126515237)	(6.0, 0.6181683542877381)	(7.0, 0.5859720858352517)	(8.0, 0.48938328047779267)	(9.0, 0.36220802009047154)	('>10', 11.059418213429064)	('>50', 7.772179204430206)	('>100', 22.706418326116005)	('>500', 16.57946843960785)	('>1k', 29.519148730662113)	('>5k', 0.0)	('>10k+', 0.0)
SRR29920197_2	(1.0, 2.9958627795038555)	(2.0, 1.281411484408957)	(3.0, 0.927252531431607)	(4.0, 0.6632431301212189)	(5.0, 0.6439253690497271)	(6.0, 0.5891917126805003)	(7.0, 0.4056729825013281)	(8.0, 0.5408973100017708)	(9.0, 0.3042547368759961)	('>10', 5.214185675880166)	('>50', 0.6374861153592298)	('>100', 6.37164152674705)	('>500', 6.083484924097298)	('>1k', 40.386999146798885)	('>5k', 32.95449057454241)	('>10k+', 0.0)
SRR29920198_1	(1.0, 4.914285714285714)	(2.0, 2.5428571428571427)	(3.0, 1.4714285714285715)	(4.0, 1.1492063492063493)	(5.0, 0.9285714285714286)	(6.0, 0.8476190476190476)	(7.0, 0.7333333333333333)	(8.0, 0.4571428571428572)	(9.0, 0.5714285714285714)	('>10', 13.149206349206349)	('>50', 9.698412698412698)	('>100', 28.774603174603175)	('>500', 16.46825396825397)	('>1k', 18.29365079365079)	('>5k', 0.0)	('>10k+', 0.0)
SRR29920198_2	(1.0, 3.3063492063492066)	(2.0, 1.4793650793650792)	(3.0, 1.2095238095238094)	(4.0, 0.7682539682539682)	(5.0, 0.6190476190476191)	(6.0, 0.6761904761904761)	(7.0, 0.4444444444444444)	(8.0, 0.4952380952380952)	(9.0, 0.41428571428571426)	('>10', 4.963492063492064)	('>50', 0.992063492063492)	('>100', 3.585714285714286)	('>500', 8.426984126984127)	('>1k', 72.61904761904762)	('>5k', 0.0)	('>10k+', 0.0)
SRR29920199_1	(1.0, 4.8948025746949755)	(2.0, 2.481826624395555)	(3.0, 1.3594005187818234)	(4.0, 0.9671117942805905)	(5.0, 0.6724949562878278)	(6.0, 0.6724949562878278)	(7.0, 0.605245460659045)	(8.0, 0.3714734044256573)	(9.0, 0.3602651551541935)	('>10', 7.844173311557307)	('>50', 7.730489640375317)	('>100', 29.722675889454635)	('>500', 15.038268165369711)	('>1k', 27.279277548275534)	('>5k', 0.0)	('>10k+', 0.0)
SRR29920199_2	(1.0, 3.0886732635219523)	(2.0, 1.2937522016203926)	(3.0, 1.0279565760399654)	(4.0, 0.8198033752842091)	(5.0, 0.6885067409613476)	(6.0, 0.5572101066384859)	(7.0, 0.48195471867294326)	(8.0, 0.3202356934703942)	(9.0, 0.3602651551541935)	('>10', 4.528132705671374)	('>50', 1.0359624683767252)	('>100', 2.364940596278861)	('>500', 7.648829538540365)	('>1k', 57.46629519326224)	('>5k', 18.31748166650655)	('>10k+', 0.0)
SRR29920200_1	(1.0, 4.249308956888608)	(2.0, 2.2186120944668057)	(3.0, 1.2002327724164688)	(4.0, 1.018379322050337)	(5.0, 0.5940546045293633)	(6.0, 0.5892051791862665)	(7.0, 0.5346491440764269)	(8.0, 0.4655448329372969)	(9.0, 0.3928034527908443)	('>10', 7.824547791086756)	('>50', 5.1040201736094275)	('>100', 23.958585907569955)	('>500', 18.0095533679259)	('>1k', 33.840502400465546)	('>5k', 0.0)	('>10k+', 0.0)
SRR29920200_2	(1.0, 2.663546869695941)	(2.0, 1.0692982881528539)	(3.0, 0.7746956985597206)	(4.0, 0.649822995974977)	(5.0, 0.4728189709519422)	(6.0, 0.5819310411716212)	(7.0, 0.517676155375588)	(8.0, 0.3200620726443916)	(9.0, 0.3928034527908443)	('>10', 5.2967848309975265)	('>50', 1.6172833519227972)	('>100', 2.190727898743999)	('>500', 0.7528732845157848)	('>1k', 44.539547063672956)	('>5k', 38.160128024829056)	('>10k+', 0.0)
