.	Basic Statistics	Per Base Sequence Quality	Per Tile Sequence Quality	Per Sequence Quality Scores	Per Base Sequence Content	Per Sequence GC Content	Per Base N Content	Sequence Length Distribution	Sequence Duplication Levels	Overrepresented Sequences	Adapter Content
SRR29920099_1	1	1	1	1	0.25	0.25	1	1	0.25	0.25	1
SRR29920099_2	1	1	1	1	0.25	0.25	1	1	0.25	0.25	1
SRR29920100_1	1	1	1	1	0.25	0.25	1	1	0.25	0.25	1
SRR29920100_2	1	1	1	1	0.25	0.25	1	1	0.25	0.25	1
SRR29920101_1	1	1	1	1	0.25	0.25	1	1	0.25	0.25	1
SRR29920101_2	1	1	1	1	0.25	0.25	1	1	0.25	0.25	1
SRR29920102_1	1	1	1	1	0.25	0.25	1	1	0.25	0.25	1
SRR29920102_2	1	1	1	1	0.25	0.25	1	1	0.25	0.25	1
SRR29920103_1	1	1	1	1	0.25	0.25	1	1	0.25	0.25	1
SRR29920103_2	1	1	1	1	0.25	0.25	1	1	0.25	0.25	1
SRR29920104_1	1	1	1	1	0.25	0.5	1	1	0.25	0.25	1
SRR29920104_2	1	1	1	1	0.25	0.5	1	1	0.25	0.25	1
SRR29920105_1	1	1	1	1	0.25	0.25	1	1	0.25	0.25	1
SRR29920105_2	1	1	1	1	0.25	0.25	1	1	0.25	0.25	1
SRR29920106_1	1	1	1	1	0.25	0.5	1	1	0.25	0.25	1
SRR29920106_2	1	1	1	1	0.25	1	1	1	0.25	0.25	1
SRR29920107_1	1	1	1	1	0.25	0.5	1	1	0.25	0.25	1
SRR29920107_2	1	1	1	1	0.25	0.5	1	1	0.25	0.25	1
SRR29920108_1	1	1	1	1	0.25	0.25	1	1	0.25	0.25	1
SRR29920108_2	1	0.25	1	1	0.25	0.25	1	1	0.25	0.25	1
SRR29920109_1	1	1	1	1	0.25	0.25	1	1	0.25	0.25	1
SRR29920109_2	1	1	1	1	0.25	0.25	1	1	0.25	0.25	1
SRR29920110_1	1	1	1	1	0.25	0.5	1	1	0.25	0.25	1
SRR29920110_2	1	0.25	1	1	0.25	0.25	1	1	0.25	0.25	1
SRR29920111_1	1	1	1	1	0.25	0.5	1	1	0.25	0.25	1
SRR29920111_2	1	1	1	1	0.25	0.25	1	1	0.25	0.25	1
SRR29920112_1	1	1	1	1	0.25	0.25	1	1	0.25	0.25	1
SRR29920112_2	1	1	1	1	0.25	0.25	1	1	0.25	0.25	1
SRR29920113_1	1	1	1	1	0.25	0.25	1	1	0.25	0.25	1
SRR29920113_2	1	1	1	1	0.25	0.25	1	1	0.25	0.25	1
SRR29920114_1	1	1	1	1	0.25	0.25	1	1	0.25	0.25	1
SRR29920114_2	1	1	1	1	0.25	0.25	1	1	0.25	0.25	1
SRR29920115_1	1	1	1	1	0.25	0.25	1	1	0.25	0.25	1
SRR29920115_2	1	1	1	1	0.25	0.25	1	1	0.25	0.25	1
SRR29920116_1	1	1	1	1	0.25	0.5	1	1	0.25	0.25	1
SRR29920116_2	1	1	1	1	0.25	0.25	1	1	0.25	0.25	1
SRR29920117_1	1	1	1	1	0.25	0.5	1	1	0.25	0.25	1
SRR29920117_2	1	1	1	1	0.25	0.25	1	1	0.25	0.25	1
SRR29920118_1	1	1	1	1	0.25	0.5	1	1	0.25	0.25	1
SRR29920118_2	1	1	1	1	0.25	0.25	1	1	0.25	0.25	1
SRR29920119_1	1	1	1	1	0.25	0.25	1	1	0.25	0.25	1
SRR29920119_2	1	0.5	1	1	0.25	0.25	1	1	0.25	0.25	1
SRR29920120_1	1	1	1	1	0.25	0.25	1	1	0.25	0.25	1
SRR29920120_2	1	1	1	1	0.25	0.25	1	1	0.25	0.25	1
SRR29920121_1	1	1	1	1	0.25	0.25	1	1	0.25	0.25	1
SRR29920121_2	1	1	1	1	0.25	0.25	1	1	0.25	0.25	1
SRR29920122_1	1	1	1	1	0.25	0.25	1	1	0.25	0.25	1
SRR29920122_2	1	1	1	1	0.25	0.25	1	1	0.25	0.25	1
SRR29920123_1	1	1	1	1	0.25	0.25	1	1	0.25	0.25	1
SRR29920123_2	1	1	1	1	0.25	0.25	1	1	0.25	0.25	1
SRR29920124_1	1	1	1	1	0.25	0.25	1	1	0.25	0.25	1
SRR29920124_2	1	1	1	1	0.25	0.25	1	1	0.25	0.25	1
SRR29920125_1	1	1	1	1	0.25	0.25	1	1	0.25	0.25	1
SRR29920125_2	1	1	1	1	0.25	0.25	1	1	0.25	0.25	1
SRR29920126_1	1	1	1	1	0.25	0.25	1	1	0.25	0.25	1
SRR29920126_2	1	1	1	1	0.25	0.25	1	1	0.25	0.25	1
SRR29920127_1	1	1	1	1	0.25	0.25	1	1	0.25	0.25	1
SRR29920127_2	1	1	1	1	0.25	0.25	1	1	0.25	0.25	1
SRR29920128_1	1	1	1	1	0.25	0.25	1	1	0.25	0.25	1
SRR29920128_2	1	1	1	1	0.25	0.25	1	1	0.25	0.25	1
SRR29920129_1	1	1	1	1	0.25	0.25	1	1	0.25	0.25	1
SRR29920129_2	1	1	1	1	0.25	0.25	1	1	0.25	0.25	1
SRR29920130_1	1	1	1	1	0.25	0.25	1	1	0.25	0.25	1
SRR29920130_2	1	1	1	1	0.25	0.25	1	1	0.25	0.25	1
SRR29920131_1	1	1	1	1	0.25	0.25	1	1	0.25	0.25	1
SRR29920131_2	1	1	1	1	0.25	0.25	1	1	0.25	0.25	1
SRR29920132_1	1	1	1	1	0.25	0.25	1	1	0.25	0.25	1
SRR29920132_2	1	1	1	1	0.25	0.25	1	1	0.25	0.25	1
SRR29920133_1	1	1	1	1	0.25	0.25	1	1	0.25	0.25	1
SRR29920133_2	1	1	1	1	0.25	0.25	1	1	0.25	0.25	1
SRR29920134_1	1	1	1	1	0.25	0.25	1	1	0.25	0.25	1
SRR29920134_2	1	1	1	1	0.25	0.25	1	1	0.25	0.25	1
SRR29920135_1	1	1	1	1	0.25	0.25	1	1	0.25	0.25	1
SRR29920135_2	1	1	1	1	0.25	0.25	1	1	0.25	0.25	1
SRR29920136_1	1	1	1	1	0.25	0.25	1	1	0.25	0.25	1
SRR29920136_2	1	1	1	1	0.25	0.25	1	1	0.25	0.25	1
SRR29920137_1	1	1	1	1	0.25	0.25	1	1	0.25	0.25	1
SRR29920137_2	1	1	1	1	0.25	0.25	1	1	0.25	0.25	1
SRR29920138_1	1	1	1	1	0.25	0.25	1	1	0.25	0.25	1
SRR29920138_2	1	1	1	1	0.25	0.25	1	1	0.25	0.25	1
SRR29920139_1	1	1	1	1	0.25	0.25	1	1	0.25	0.25	1
SRR29920139_2	1	1	1	1	0.25	0.25	1	1	0.25	0.25	1
SRR29920140_1	1	1	1	1	0.25	0.25	1	1	0.25	0.25	1
SRR29920140_2	1	1	1	1	0.25	0.25	1	1	0.25	0.25	1
SRR29920141_1	1	1	1	1	0.25	0.25	1	1	0.25	0.25	1
SRR29920141_2	1	1	1	1	0.25	0.25	1	1	0.25	0.25	1
SRR29920142_1	1	1	1	1	0.25	0.25	1	1	0.25	0.25	1
SRR29920142_2	1	1	1	1	0.25	0.25	1	1	0.25	0.25	1
SRR29920143_1	1	1	1	1	0.25	0.25	1	1	0.25	0.25	1
SRR29920143_2	1	1	1	1	0.25	0.25	1	1	0.25	0.25	1
SRR29920144_1	1	1	1	1	0.25	0.25	1	1	0.25	0.25	1
SRR29920144_2	1	1	1	1	0.25	0.25	1	1	0.25	0.25	1
SRR29920145_1	1	1	1	1	0.25	0.25	1	1	0.25	0.25	1
SRR29920145_2	1	1	1	1	0.25	0.25	1	1	0.25	0.25	1
SRR29920146_1	1	1	1	1	0.25	0.25	1	1	0.25	0.25	1
SRR29920146_2	1	1	1	1	0.25	0.25	1	1	0.25	0.25	1
SRR29920147_1	1	1	1	1	0.25	0.25	1	1	0.25	0.25	1
SRR29920147_2	1	1	1	1	0.25	0.25	1	1	0.25	0.25	1
SRR29920148_1	1	1	1	1	0.25	0.25	1	1	0.25	0.25	1
SRR29920148_2	1	1	1	1	0.25	0.25	1	1	0.25	0.25	1
SRR29920149_1	1	1	1	1	0.25	0.25	1	1	0.25	0.25	1
SRR29920149_2	1	1	1	1	0.25	0.25	1	1	0.25	0.25	1
SRR29920150_1	1	1	1	1	0.25	0.25	1	1	0.25	0.25	1
SRR29920150_2	1	1	1	1	0.25	0.25	1	1	0.25	0.25	1
SRR29920151_1	1	1	1	1	0.25	0.5	1	1	0.25	0.25	1
SRR29920151_2	1	1	1	1	0.25	0.25	1	1	0.25	0.25	1
SRR29920152_1	1	1	1	1	0.25	0.5	1	1	0.25	0.25	1
SRR29920152_2	1	0.5	1	1	0.25	0.25	1	1	0.25	0.25	1
SRR29920153_1	1	1	1	1	0.25	0.25	1	1	0.25	0.25	1
SRR29920153_2	1	1	1	1	0.25	0.25	1	1	0.25	0.25	1
SRR29920154_1	1	1	1	1	0.25	0.25	1	1	0.25	0.25	1
SRR29920154_2	1	1	1	1	0.25	0.25	1	1	0.25	0.25	1
SRR29920155_1	1	1	1	1	0.25	0.25	1	1	0.25	0.25	1
SRR29920155_2	1	1	1	1	0.25	0.25	1	1	0.25	0.25	1
SRR29920156_1	1	1	1	1	0.25	0.5	1	1	0.25	0.25	1
SRR29920156_2	1	1	1	1	0.25	0.25	1	1	0.25	0.25	1
SRR29920157_1	1	1	1	1	0.25	0.25	1	1	0.25	0.25	1
SRR29920157_2	1	1	1	1	0.25	0.25	1	1	0.25	0.25	1
SRR29920158_1	1	1	1	1	0.25	0.25	1	1	0.25	0.25	1
SRR29920158_2	1	1	1	1	0.25	0.25	1	1	0.25	0.25	1
SRR29920159_1	1	1	1	1	0.25	0.25	1	1	0.25	0.25	1
SRR29920159_2	1	0.25	1	1	0.25	0.25	1	1	0.25	0.25	1
SRR29920160_1	1	1	1	1	0.25	0.25	1	1	0.25	0.25	1
SRR29920160_2	1	1	1	1	0.25	0.5	1	1	0.25	0.25	1
SRR29920161_1	1	1	1	1	0.25	0.5	1	1	0.25	0.25	1
SRR29920161_2	1	1	1	1	0.25	0.25	1	1	0.25	0.25	1
SRR29920162_1	1	1	1	1	0.25	0.25	1	1	0.25	0.25	1
SRR29920162_2	1	1	1	1	0.25	0.25	1	1	0.25	0.25	1
SRR29920163_1	1	1	1	1	0.25	0.25	1	1	0.25	0.25	1
SRR29920163_2	1	1	1	1	0.25	0.25	1	1	0.25	0.25	1
SRR29920164_1	1	1	1	1	0.25	0.5	1	1	0.25	0.25	1
SRR29920164_2	1	1	1	1	0.25	0.25	1	1	0.25	0.25	1
SRR29920165_1	1	1	1	1	0.25	0.25	1	1	0.25	0.25	1
SRR29920165_2	1	1	1	1	0.25	0.25	1	1	0.25	0.25	1
SRR29920166_1	1	1	1	1	0.25	0.25	1	1	0.25	0.25	1
SRR29920166_2	1	1	1	1	0.25	0.5	1	1	0.25	0.25	1
SRR29920167_1	1	1	1	1	0.25	0.25	1	1	0.25	0.25	1
SRR29920167_2	1	1	1	1	0.25	0.25	1	1	0.25	0.25	1
SRR29920168_1	1	1	1	1	0.25	0.25	1	1	0.25	0.25	1
SRR29920168_2	1	1	1	1	0.25	0.25	1	1	0.25	0.25	1
SRR29920169_1	1	1	1	1	0.25	0.5	1	1	0.25	0.25	1
SRR29920169_2	1	1	1	1	0.25	0.25	1	1	0.25	0.25	1
SRR29920170_1	1	1	1	1	0.25	0.25	1	1	0.25	0.25	1
SRR29920170_2	1	1	1	1	0.25	0.25	1	1	0.25	0.25	1
SRR29920171_1	1	1	1	1	0.25	0.25	1	1	0.25	0.25	1
SRR29920171_2	1	1	1	1	0.25	0.25	1	1	0.25	0.25	1
SRR29920172_1	1	1	1	1	0.25	0.25	1	1	0.25	0.25	1
SRR29920172_2	1	1	1	1	0.25	0.25	1	1	0.25	0.25	1
SRR29920173_1	1	1	1	1	0.25	0.25	1	1	0.25	0.25	1
SRR29920173_2	1	1	1	1	0.25	0.25	1	1	0.25	0.25	1
SRR29920174_1	1	1	1	1	0.25	0.5	1	1	0.25	0.25	1
SRR29920174_2	1	1	1	1	0.25	0.25	1	1	0.25	0.25	1
SRR29920175_1	1	1	1	1	0.25	0.5	1	1	0.25	0.25	1
SRR29920175_2	1	1	1	1	0.25	0.25	1	1	0.25	0.25	1
SRR29920176_1	1	1	1	1	0.25	0.25	1	1	0.25	0.25	1
SRR29920176_2	1	1	1	1	0.25	0.25	1	1	0.25	0.25	1
SRR29920177_1	1	1	1	1	0.25	0.25	1	1	0.25	0.25	1
SRR29920177_2	1	1	1	1	0.25	0.25	1	1	0.25	0.25	1
SRR29920178_1	1	1	1	1	0.25	0.25	1	1	0.25	0.25	1
SRR29920178_2	1	1	1	1	0.25	0.25	1	1	0.25	0.25	1
SRR29920179_1	1	1	1	1	0.25	0.25	1	1	0.25	0.25	1
SRR29920179_2	1	1	1	1	0.25	0.25	1	1	0.25	0.25	1
SRR29920180_1	1	1	1	1	0.25	0.25	1	1	0.25	0.25	1
SRR29920180_2	1	1	1	1	0.25	0.25	1	1	0.25	0.25	1
SRR29920181_1	1	1	1	1	0.25	0.5	1	1	0.25	0.25	1
SRR29920181_2	1	1	1	1	0.25	0.25	1	1	0.25	0.25	1
SRR29920182_1	1	1	1	1	0.25	0.25	1	1	0.25	0.25	1
SRR29920182_2	1	1	1	1	0.25	0.25	1	1	0.25	0.25	1
SRR29920183_1	1	1	1	1	0.25	0.25	1	1	0.25	0.25	1
SRR29920183_2	1	1	1	1	0.25	0.25	1	1	0.25	0.25	1
SRR29920184_1	1	1	1	1	0.25	0.25	1	1	0.25	0.25	1
SRR29920184_2	1	1	1	1	0.25	0.25	1	1	0.25	0.25	1
SRR29920185_1	1	1	1	1	0.25	0.25	1	1	0.25	0.25	1
SRR29920185_2	1	1	1	1	0.25	0.25	1	1	0.25	0.25	1
SRR29920186_1	1	1	1	1	0.25	0.25	1	1	0.25	0.25	1
SRR29920186_2	1	1	1	1	0.25	0.25	1	1	0.25	0.25	1
SRR29920187_1	1	1	1	1	0.25	0.25	1	1	0.25	0.25	1
SRR29920187_2	1	1	1	1	0.25	0.25	1	1	0.25	0.25	1
SRR29920188_1	1	1	1	1	0.25	0.25	1	1	0.25	0.25	1
SRR29920188_2	1	1	1	1	0.25	0.25	1	1	0.25	0.25	1
SRR29920189_1	1	1	1	1	0.25	0.25	1	1	0.25	0.25	1
SRR29920189_2	1	1	1	1	0.25	0.25	1	1	0.25	0.25	1
SRR29920190_1	1	1	1	1	0.25	0.25	1	1	0.25	0.25	1
SRR29920190_2	1	1	1	1	0.25	0.25	1	1	0.25	0.25	1
SRR29920191_1	1	1	1	1	0.25	0.25	1	1	0.25	0.25	1
SRR29920191_2	1	1	1	1	0.25	0.25	1	1	0.25	0.25	1
SRR29920192_1	1	1	1	1	0.25	0.25	1	1	0.25	0.25	1
SRR29920192_2	1	1	1	1	0.25	0.25	1	1	0.25	0.25	1
SRR29920193_1	1	1	1	1	0.25	0.5	1	1	0.25	0.25	1
SRR29920193_2	1	1	1	1	0.25	0.25	1	1	0.25	0.25	1
SRR29920194_1	1	1	1	1	0.25	0.25	1	1	0.25	0.25	1
SRR29920194_2	1	1	1	1	0.25	0.25	1	1	0.25	0.25	1
SRR29920195_1	1	1	1	1	0.25	0.25	1	1	0.25	0.25	1
SRR29920195_2	1	1	1	1	0.25	0.25	1	1	0.25	0.25	1
SRR29920196_1	1	1	1	1	0.25	0.25	1	1	0.25	0.25	1
SRR29920196_2	1	1	1	1	0.25	0.25	1	1	0.25	0.25	1
SRR29920197_1	1	1	1	1	0.25	0.25	1	1	0.25	0.25	1
SRR29920197_2	1	1	1	1	0.25	0.25	1	1	0.25	0.25	1
SRR29920198_1	1	1	1	1	0.25	0.25	1	1	0.25	0.25	1
SRR29920198_2	1	0.5	1	1	0.25	0.25	1	1	0.25	0.25	1
SRR29920199_1	1	1	1	1	0.25	0.25	1	1	0.25	0.25	1
SRR29920199_2	1	1	1	1	0.25	0.25	1	1	0.25	0.25	1
SRR29920200_1	1	1	1	1	0.25	0.25	1	1	0.25	0.25	1
SRR29920200_2	1	1	1	1	0.25	0.25	1	1	0.25	0.25	1
