Sample	0	1	2	3	4	5	6	7	8	9	10	11	12	13	14	15	16	17	18	19	20	21	22	23	24	25
SRR29920099_1	(18.0, 1.0)	(19.0, 6.0)	(20.0, 39.0)	(21.0, 242.0)	(22.0, 537.0)	(23.0, 608.0)	(24.0, 578.0)	(25.0, 555.0)	(26.0, 526.0)	(27.0, 540.0)	(28.0, 612.0)	(29.0, 681.0)	(30.0, 830.0)	(31.0, 921.0)	(32.0, 1096.0)	(33.0, 1430.0)	(34.0, 1851.0)	(35.0, 2627.0)	(36.0, 4661.0)	(37.0, 40097.0)	(38.0, 310.0)					
SRR29920099_2	(15.0, 7.0)	(16.0, 27.0)	(17.0, 33.0)	(18.0, 36.0)	(19.0, 63.0)	(20.0, 91.0)	(21.0, 126.0)	(22.0, 259.0)	(23.0, 535.0)	(24.0, 788.0)	(25.0, 884.0)	(26.0, 792.0)	(27.0, 861.0)	(28.0, 876.0)	(29.0, 980.0)	(30.0, 1000.0)	(31.0, 1176.0)	(32.0, 1287.0)	(33.0, 1590.0)	(34.0, 2104.0)	(35.0, 3232.0)	(36.0, 6860.0)	(37.0, 35100.0)	(38.0, 41.0)		
SRR29920100_1	(19.0, 6.0)	(20.0, 50.0)	(21.0, 223.0)	(22.0, 419.0)	(23.0, 505.0)	(24.0, 521.0)	(25.0, 527.0)	(26.0, 580.0)	(27.0, 530.0)	(28.0, 578.0)	(29.0, 686.0)	(30.0, 834.0)	(31.0, 886.0)	(32.0, 1148.0)	(33.0, 1367.0)	(34.0, 2024.0)	(35.0, 2946.0)	(36.0, 4855.0)	(37.0, 45451.0)	(38.0, 1357.0)						
SRR29920100_2	(15.0, 6.0)	(16.0, 43.0)	(17.0, 53.0)	(18.0, 63.0)	(19.0, 69.0)	(20.0, 112.0)	(21.0, 142.0)	(22.0, 219.0)	(23.0, 485.0)	(24.0, 734.0)	(25.0, 803.0)	(26.0, 815.0)	(27.0, 828.0)	(28.0, 944.0)	(29.0, 980.0)	(30.0, 1101.0)	(31.0, 1124.0)	(32.0, 1363.0)	(33.0, 1627.0)	(34.0, 2303.0)	(35.0, 3401.0)	(36.0, 7129.0)	(37.0, 41125.0)	(38.0, 24.0)		
SRR29920101_1	(18.0, 1.0)	(19.0, 4.0)	(20.0, 36.0)	(21.0, 144.0)	(22.0, 354.0)	(23.0, 465.0)	(24.0, 475.0)	(25.0, 444.0)	(26.0, 487.0)	(27.0, 468.0)	(28.0, 516.0)	(29.0, 562.0)	(30.0, 698.0)	(31.0, 840.0)	(32.0, 982.0)	(33.0, 1248.0)	(34.0, 1695.0)	(35.0, 2447.0)	(36.0, 4355.0)	(37.0, 36516.0)	(38.0, 338.0)					
SRR29920101_2	(15.0, 6.0)	(16.0, 12.0)	(17.0, 34.0)	(18.0, 33.0)	(19.0, 38.0)	(20.0, 75.0)	(21.0, 90.0)	(22.0, 196.0)	(23.0, 416.0)	(24.0, 666.0)	(25.0, 710.0)	(26.0, 740.0)	(27.0, 760.0)	(28.0, 808.0)	(29.0, 861.0)	(30.0, 891.0)	(31.0, 1023.0)	(32.0, 1129.0)	(33.0, 1372.0)	(34.0, 1872.0)	(35.0, 2830.0)	(36.0, 5972.0)	(37.0, 32479.0)	(38.0, 62.0)		
SRR29920102_1	(18.0, 1.0)	(19.0, 2.0)	(20.0, 44.0)	(21.0, 209.0)	(22.0, 486.0)	(23.0, 625.0)	(24.0, 609.0)	(25.0, 597.0)	(26.0, 659.0)	(27.0, 638.0)	(28.0, 688.0)	(29.0, 747.0)	(30.0, 916.0)	(31.0, 1087.0)	(32.0, 1237.0)	(33.0, 1627.0)	(34.0, 2267.0)	(35.0, 3268.0)	(36.0, 5541.0)	(37.0, 50311.0)	(38.0, 1364.0)					
SRR29920102_2	(14.0, 3.0)	(15.0, 11.0)	(16.0, 27.0)	(17.0, 38.0)	(18.0, 43.0)	(19.0, 56.0)	(20.0, 98.0)	(21.0, 155.0)	(22.0, 236.0)	(23.0, 547.0)	(24.0, 838.0)	(25.0, 916.0)	(26.0, 979.0)	(27.0, 1003.0)	(28.0, 1011.0)	(29.0, 1103.0)	(30.0, 1183.0)	(31.0, 1248.0)	(32.0, 1415.0)	(33.0, 1807.0)	(34.0, 2406.0)	(35.0, 3609.0)	(36.0, 7119.0)	(37.0, 46972.0)	(38.0, 100.0)	
SRR29920103_1	(18.0, 2.0)	(19.0, 5.0)	(20.0, 53.0)	(21.0, 255.0)	(22.0, 566.0)	(23.0, 644.0)	(24.0, 671.0)	(25.0, 637.0)	(26.0, 564.0)	(27.0, 673.0)	(28.0, 685.0)	(29.0, 768.0)	(30.0, 887.0)	(31.0, 1097.0)	(32.0, 1231.0)	(33.0, 1520.0)	(34.0, 2139.0)	(35.0, 3057.0)	(36.0, 5488.0)	(37.0, 46233.0)	(38.0, 719.0)					
SRR29920103_2	(14.0, 2.0)	(15.0, 12.0)	(16.0, 38.0)	(17.0, 49.0)	(18.0, 76.0)	(19.0, 74.0)	(20.0, 105.0)	(21.0, 151.0)	(22.0, 303.0)	(23.0, 694.0)	(24.0, 982.0)	(25.0, 1042.0)	(26.0, 951.0)	(27.0, 1089.0)	(28.0, 1020.0)	(29.0, 1178.0)	(30.0, 1243.0)	(31.0, 1327.0)	(32.0, 1403.0)	(33.0, 1859.0)	(34.0, 2512.0)	(35.0, 3651.0)	(36.0, 7472.0)	(37.0, 40506.0)	(38.0, 155.0)	
SRR29920104_1	(19.0, 3.0)	(20.0, 54.0)	(21.0, 278.0)	(22.0, 490.0)	(23.0, 626.0)	(24.0, 621.0)	(25.0, 607.0)	(26.0, 611.0)	(27.0, 602.0)	(28.0, 665.0)	(29.0, 782.0)	(30.0, 839.0)	(31.0, 960.0)	(32.0, 1203.0)	(33.0, 1502.0)	(34.0, 1988.0)	(35.0, 2964.0)	(36.0, 5182.0)	(37.0, 41927.0)	(38.0, 840.0)						
SRR29920104_2	(15.0, 10.0)	(16.0, 46.0)	(17.0, 53.0)	(18.0, 65.0)	(19.0, 108.0)	(20.0, 125.0)	(21.0, 210.0)	(22.0, 366.0)	(23.0, 832.0)	(24.0, 1108.0)	(25.0, 1103.0)	(26.0, 1066.0)	(27.0, 1042.0)	(28.0, 1098.0)	(29.0, 1122.0)	(30.0, 1174.0)	(31.0, 1293.0)	(32.0, 1440.0)	(33.0, 1903.0)	(34.0, 2536.0)	(35.0, 3776.0)	(36.0, 7840.0)	(37.0, 34417.0)	(38.0, 11.0)		
SRR29920105_1	(19.0, 7.0)	(20.0, 55.0)	(21.0, 394.0)	(22.0, 779.0)	(23.0, 963.0)	(24.0, 979.0)	(25.0, 983.0)	(26.0, 926.0)	(27.0, 991.0)	(28.0, 1097.0)	(29.0, 1188.0)	(30.0, 1383.0)	(31.0, 1727.0)	(32.0, 2068.0)	(33.0, 2666.0)	(34.0, 3411.0)	(35.0, 4977.0)	(36.0, 9158.0)	(37.0, 71118.0)	(38.0, 1389.0)						
SRR29920105_2	(14.0, 1.0)	(15.0, 29.0)	(16.0, 86.0)	(17.0, 80.0)	(18.0, 81.0)	(19.0, 90.0)	(20.0, 134.0)	(21.0, 222.0)	(22.0, 442.0)	(23.0, 949.0)	(24.0, 1280.0)	(25.0, 1448.0)	(26.0, 1539.0)	(27.0, 1635.0)	(28.0, 1609.0)	(29.0, 1751.0)	(30.0, 1928.0)	(31.0, 2171.0)	(32.0, 2362.0)	(33.0, 3085.0)	(34.0, 4241.0)	(35.0, 6526.0)	(36.0, 12866.0)	(37.0, 61661.0)	(38.0, 43.0)	
SRR29920106_1	(15.0, 1.0)	(16.0, 0.0)	(17.0, 0.0)	(18.0, 1.0)	(19.0, 10.0)	(20.0, 59.0)	(21.0, 405.0)	(22.0, 778.0)	(23.0, 930.0)	(24.0, 941.0)	(25.0, 906.0)	(26.0, 912.0)	(27.0, 912.0)	(28.0, 972.0)	(29.0, 1031.0)	(30.0, 1228.0)	(31.0, 1535.0)	(32.0, 1787.0)	(33.0, 2310.0)	(34.0, 3031.0)	(35.0, 4263.0)	(36.0, 7740.0)	(37.0, 58195.0)	(38.0, 643.0)		
SRR29920106_2	(14.0, 9.0)	(15.0, 7.0)	(16.0, 30.0)	(17.0, 61.0)	(18.0, 47.0)	(19.0, 109.0)	(20.0, 200.0)	(21.0, 272.0)	(22.0, 565.0)	(23.0, 1192.0)	(24.0, 1536.0)	(25.0, 1549.0)	(26.0, 1536.0)	(27.0, 1546.0)	(28.0, 1547.0)	(29.0, 1588.0)	(30.0, 1813.0)	(31.0, 1886.0)	(32.0, 2101.0)	(33.0, 2799.0)	(34.0, 3814.0)	(35.0, 5811.0)	(36.0, 11549.0)	(37.0, 47004.0)	(38.0, 19.0)	
SRR29920107_1	(18.0, 2.0)	(19.0, 9.0)	(20.0, 63.0)	(21.0, 268.0)	(22.0, 557.0)	(23.0, 648.0)	(24.0, 688.0)	(25.0, 700.0)	(26.0, 696.0)	(27.0, 694.0)	(28.0, 669.0)	(29.0, 814.0)	(30.0, 979.0)	(31.0, 1220.0)	(32.0, 1433.0)	(33.0, 1889.0)	(34.0, 2456.0)	(35.0, 3393.0)	(36.0, 6131.0)	(37.0, 47568.0)	(38.0, 773.0)					
SRR29920107_2	(14.0, 2.0)	(15.0, 11.0)	(16.0, 37.0)	(17.0, 38.0)	(18.0, 72.0)	(19.0, 97.0)	(20.0, 154.0)	(21.0, 209.0)	(22.0, 390.0)	(23.0, 871.0)	(24.0, 1103.0)	(25.0, 1132.0)	(26.0, 1193.0)	(27.0, 1178.0)	(28.0, 1198.0)	(29.0, 1301.0)	(30.0, 1417.0)	(31.0, 1551.0)	(32.0, 1790.0)	(33.0, 2207.0)	(34.0, 3026.0)	(35.0, 4593.0)	(36.0, 9474.0)	(37.0, 38594.0)	(38.0, 12.0)	
SRR29920108_1	(19.0, 8.0)	(20.0, 65.0)	(21.0, 278.0)	(22.0, 571.0)	(23.0, 663.0)	(24.0, 721.0)	(25.0, 694.0)	(26.0, 776.0)	(27.0, 744.0)	(28.0, 861.0)	(29.0, 880.0)	(30.0, 1082.0)	(31.0, 1269.0)	(32.0, 1573.0)	(33.0, 2083.0)	(34.0, 2735.0)	(35.0, 3881.0)	(36.0, 6923.0)	(37.0, 53053.0)	(38.0, 298.0)						
SRR29920108_2	(14.0, 1.0)	(15.0, 4.0)	(16.0, 35.0)	(17.0, 39.0)	(18.0, 39.0)	(19.0, 78.0)	(20.0, 122.0)	(21.0, 243.0)	(22.0, 474.0)	(23.0, 894.0)	(24.0, 1196.0)	(25.0, 1297.0)	(26.0, 1385.0)	(27.0, 1458.0)	(28.0, 1375.0)	(29.0, 1510.0)	(30.0, 1593.0)	(31.0, 1791.0)	(32.0, 2059.0)	(33.0, 2552.0)	(34.0, 3438.0)	(35.0, 5330.0)	(36.0, 11316.0)	(37.0, 40917.0)	(38.0, 12.0)	
SRR29920109_1	(19.0, 4.0)	(20.0, 37.0)	(21.0, 190.0)	(22.0, 423.0)	(23.0, 461.0)	(24.0, 406.0)	(25.0, 456.0)	(26.0, 478.0)	(27.0, 496.0)	(28.0, 479.0)	(29.0, 610.0)	(30.0, 719.0)	(31.0, 799.0)	(32.0, 973.0)	(33.0, 1264.0)	(34.0, 1647.0)	(35.0, 2235.0)	(36.0, 4066.0)	(37.0, 33950.0)	(38.0, 410.0)						
SRR29920109_2	(14.0, 1.0)	(15.0, 6.0)	(16.0, 22.0)	(17.0, 37.0)	(18.0, 35.0)	(19.0, 56.0)	(20.0, 98.0)	(21.0, 125.0)	(22.0, 254.0)	(23.0, 529.0)	(24.0, 731.0)	(25.0, 741.0)	(26.0, 718.0)	(27.0, 859.0)	(28.0, 782.0)	(29.0, 885.0)	(30.0, 995.0)	(31.0, 1146.0)	(32.0, 1298.0)	(33.0, 1571.0)	(34.0, 2106.0)	(35.0, 3315.0)	(36.0, 6065.0)	(37.0, 27716.0)	(38.0, 12.0)	
SRR29920110_1	(17.0, 1.0)	(18.0, 1.0)	(19.0, 8.0)	(20.0, 53.0)	(21.0, 307.0)	(22.0, 577.0)	(23.0, 721.0)	(24.0, 734.0)	(25.0, 737.0)	(26.0, 737.0)	(27.0, 716.0)	(28.0, 822.0)	(29.0, 857.0)	(30.0, 1070.0)	(31.0, 1267.0)	(32.0, 1563.0)	(33.0, 1997.0)	(34.0, 2567.0)	(35.0, 3807.0)	(36.0, 6748.0)	(37.0, 50503.0)	(38.0, 240.0)				
SRR29920110_2	(15.0, 11.0)	(16.0, 51.0)	(17.0, 81.0)	(18.0, 55.0)	(19.0, 76.0)	(20.0, 112.0)	(21.0, 177.0)	(22.0, 376.0)	(23.0, 743.0)	(24.0, 1051.0)	(25.0, 1144.0)	(26.0, 1201.0)	(27.0, 1216.0)	(28.0, 1240.0)	(29.0, 1356.0)	(30.0, 1511.0)	(31.0, 1647.0)	(32.0, 1838.0)	(33.0, 2220.0)	(34.0, 3026.0)	(35.0, 4675.0)	(36.0, 9448.0)	(37.0, 42742.0)	(38.0, 36.0)		
SRR29920111_1	(18.0, 2.0)	(19.0, 11.0)	(20.0, 59.0)	(21.0, 224.0)	(22.0, 485.0)	(23.0, 635.0)	(24.0, 683.0)	(25.0, 609.0)	(26.0, 617.0)	(27.0, 690.0)	(28.0, 712.0)	(29.0, 820.0)	(30.0, 954.0)	(31.0, 1096.0)	(32.0, 1469.0)	(33.0, 1733.0)	(34.0, 2303.0)	(35.0, 3404.0)	(36.0, 6286.0)	(37.0, 49120.0)	(38.0, 979.0)					
SRR29920111_2	(14.0, 2.0)	(15.0, 9.0)	(16.0, 21.0)	(17.0, 37.0)	(18.0, 51.0)	(19.0, 69.0)	(20.0, 100.0)	(21.0, 207.0)	(22.0, 368.0)	(23.0, 723.0)	(24.0, 987.0)	(25.0, 1148.0)	(26.0, 1075.0)	(27.0, 1172.0)	(28.0, 1229.0)	(29.0, 1261.0)	(30.0, 1313.0)	(31.0, 1505.0)	(32.0, 1658.0)	(33.0, 2300.0)	(34.0, 3051.0)	(35.0, 4614.0)	(36.0, 9414.0)	(37.0, 40571.0)	(38.0, 6.0)	
SRR29920112_1	(19.0, 4.0)	(20.0, 58.0)	(21.0, 283.0)	(22.0, 686.0)	(23.0, 811.0)	(24.0, 768.0)	(25.0, 819.0)	(26.0, 740.0)	(27.0, 818.0)	(28.0, 870.0)	(29.0, 1040.0)	(30.0, 1218.0)	(31.0, 1442.0)	(32.0, 1722.0)	(33.0, 2207.0)	(34.0, 2978.0)	(35.0, 4163.0)	(36.0, 7720.0)	(37.0, 53867.0)	(38.0, 323.0)						
SRR29920112_2	(14.0, 2.0)	(15.0, 13.0)	(16.0, 37.0)	(17.0, 51.0)	(18.0, 63.0)	(19.0, 82.0)	(20.0, 135.0)	(21.0, 204.0)	(22.0, 482.0)	(23.0, 932.0)	(24.0, 1147.0)	(25.0, 1214.0)	(26.0, 1254.0)	(27.0, 1320.0)	(28.0, 1375.0)	(29.0, 1594.0)	(30.0, 1697.0)	(31.0, 1742.0)	(32.0, 2018.0)	(33.0, 2716.0)	(34.0, 3659.0)	(35.0, 5509.0)	(36.0, 9894.0)	(37.0, 45358.0)	(38.0, 39.0)	
SRR29920113_1	(17.0, 1.0)	(18.0, 1.0)	(19.0, 3.0)	(20.0, 38.0)	(21.0, 178.0)	(22.0, 327.0)	(23.0, 425.0)	(24.0, 449.0)	(25.0, 480.0)	(26.0, 508.0)	(27.0, 496.0)	(28.0, 513.0)	(29.0, 593.0)	(30.0, 744.0)	(31.0, 809.0)	(32.0, 1024.0)	(33.0, 1264.0)	(34.0, 1789.0)	(35.0, 2599.0)	(36.0, 4549.0)	(37.0, 35517.0)	(38.0, 407.0)				
SRR29920113_2	(14.0, 2.0)	(15.0, 7.0)	(16.0, 20.0)	(17.0, 34.0)	(18.0, 41.0)	(19.0, 59.0)	(20.0, 118.0)	(21.0, 151.0)	(22.0, 329.0)	(23.0, 692.0)	(24.0, 807.0)	(25.0, 898.0)	(26.0, 865.0)	(27.0, 908.0)	(28.0, 890.0)	(29.0, 937.0)	(30.0, 1100.0)	(31.0, 1200.0)	(32.0, 1404.0)	(33.0, 1691.0)	(34.0, 2305.0)	(35.0, 3591.0)	(36.0, 6915.0)	(37.0, 27734.0)	(38.0, 16.0)	
SRR29920114_1	(17.0, 1.0)	(18.0, 1.0)	(19.0, 19.0)	(20.0, 71.0)	(21.0, 378.0)	(22.0, 737.0)	(23.0, 805.0)	(24.0, 915.0)	(25.0, 888.0)	(26.0, 871.0)	(27.0, 894.0)	(28.0, 960.0)	(29.0, 1145.0)	(30.0, 1411.0)	(31.0, 1693.0)	(32.0, 1963.0)	(33.0, 2485.0)	(34.0, 3396.0)	(35.0, 4785.0)	(36.0, 8485.0)	(37.0, 66986.0)	(38.0, 906.0)				
SRR29920114_2	(13.0, 1.0)	(14.0, 7.0)	(15.0, 21.0)	(16.0, 92.0)	(17.0, 102.0)	(18.0, 110.0)	(19.0, 137.0)	(20.0, 170.0)	(21.0, 258.0)	(22.0, 492.0)	(23.0, 1035.0)	(24.0, 1414.0)	(25.0, 1536.0)	(26.0, 1524.0)	(27.0, 1545.0)	(28.0, 1645.0)	(29.0, 1808.0)	(30.0, 1865.0)	(31.0, 2103.0)	(32.0, 2499.0)	(33.0, 3022.0)	(34.0, 4244.0)	(35.0, 6546.0)	(36.0, 12734.0)	(37.0, 54863.0)	(38.0, 22.0)
SRR29920115_1	(19.0, 4.0)	(20.0, 33.0)	(21.0, 224.0)	(22.0, 432.0)	(23.0, 509.0)	(24.0, 515.0)	(25.0, 526.0)	(26.0, 555.0)	(27.0, 562.0)	(28.0, 595.0)	(29.0, 667.0)	(30.0, 859.0)	(31.0, 1002.0)	(32.0, 1206.0)	(33.0, 1457.0)	(34.0, 2014.0)	(35.0, 2822.0)	(36.0, 5378.0)	(37.0, 41019.0)	(38.0, 451.0)						
SRR29920115_2	(14.0, 2.0)	(15.0, 19.0)	(16.0, 48.0)	(17.0, 56.0)	(18.0, 53.0)	(19.0, 67.0)	(20.0, 96.0)	(21.0, 162.0)	(22.0, 372.0)	(23.0, 716.0)	(24.0, 929.0)	(25.0, 966.0)	(26.0, 962.0)	(27.0, 990.0)	(28.0, 1061.0)	(29.0, 1111.0)	(30.0, 1171.0)	(31.0, 1400.0)	(32.0, 1597.0)	(33.0, 2073.0)	(34.0, 2823.0)	(35.0, 4191.0)	(36.0, 7586.0)	(37.0, 32351.0)	(38.0, 28.0)	
SRR29920116_1	(17.0, 1.0)	(18.0, 0.0)	(19.0, 8.0)	(20.0, 68.0)	(21.0, 362.0)	(22.0, 713.0)	(23.0, 847.0)	(24.0, 745.0)	(25.0, 735.0)	(26.0, 757.0)	(27.0, 778.0)	(28.0, 816.0)	(29.0, 980.0)	(30.0, 1180.0)	(31.0, 1441.0)	(32.0, 1573.0)	(33.0, 2092.0)	(34.0, 2838.0)	(35.0, 3932.0)	(36.0, 7064.0)	(37.0, 55517.0)	(38.0, 450.0)				
SRR29920116_2	(14.0, 7.0)	(15.0, 28.0)	(16.0, 58.0)	(17.0, 89.0)	(18.0, 90.0)	(19.0, 100.0)	(20.0, 140.0)	(21.0, 192.0)	(22.0, 367.0)	(23.0, 864.0)	(24.0, 1080.0)	(25.0, 1144.0)	(26.0, 1192.0)	(27.0, 1204.0)	(28.0, 1278.0)	(29.0, 1374.0)	(30.0, 1365.0)	(31.0, 1630.0)	(32.0, 1975.0)	(33.0, 2365.0)	(34.0, 3339.0)	(35.0, 4830.0)	(36.0, 9934.0)	(37.0, 48207.0)	(38.0, 45.0)	
SRR29920117_1	(19.0, 16.0)	(20.0, 47.0)	(21.0, 255.0)	(22.0, 605.0)	(23.0, 686.0)	(24.0, 745.0)	(25.0, 686.0)	(26.0, 739.0)	(27.0, 776.0)	(28.0, 790.0)	(29.0, 895.0)	(30.0, 1078.0)	(31.0, 1329.0)	(32.0, 1604.0)	(33.0, 2034.0)	(34.0, 2691.0)	(35.0, 3827.0)	(36.0, 7093.0)	(37.0, 49138.0)	(38.0, 320.0)						
SRR29920117_2	(14.0, 1.0)	(15.0, 10.0)	(16.0, 31.0)	(17.0, 33.0)	(18.0, 34.0)	(19.0, 65.0)	(20.0, 74.0)	(21.0, 137.0)	(22.0, 267.0)	(23.0, 571.0)	(24.0, 843.0)	(25.0, 964.0)	(26.0, 1036.0)	(27.0, 1075.0)	(28.0, 1316.0)	(29.0, 1256.0)	(30.0, 1379.0)	(31.0, 1503.0)	(32.0, 1660.0)	(33.0, 2317.0)	(34.0, 3044.0)	(35.0, 4691.0)	(36.0, 9281.0)	(37.0, 43738.0)	(38.0, 28.0)	
SRR29920118_1	(19.0, 7.0)	(20.0, 52.0)	(21.0, 227.0)	(22.0, 467.0)	(23.0, 594.0)	(24.0, 549.0)	(25.0, 626.0)	(26.0, 576.0)	(27.0, 595.0)	(28.0, 630.0)	(29.0, 735.0)	(30.0, 897.0)	(31.0, 1024.0)	(32.0, 1221.0)	(33.0, 1658.0)	(34.0, 2156.0)	(35.0, 3113.0)	(36.0, 5621.0)	(37.0, 43325.0)	(38.0, 406.0)						
SRR29920118_2	(14.0, 2.0)	(15.0, 9.0)	(16.0, 43.0)	(17.0, 56.0)	(18.0, 54.0)	(19.0, 57.0)	(20.0, 93.0)	(21.0, 140.0)	(22.0, 273.0)	(23.0, 603.0)	(24.0, 812.0)	(25.0, 888.0)	(26.0, 886.0)	(27.0, 990.0)	(28.0, 994.0)	(29.0, 1095.0)	(30.0, 1188.0)	(31.0, 1278.0)	(32.0, 1492.0)	(33.0, 1930.0)	(34.0, 2562.0)	(35.0, 3932.0)	(36.0, 7842.0)	(37.0, 37244.0)	(38.0, 16.0)	
SRR29920119_1	(17.0, 1.0)	(18.0, 1.0)	(19.0, 13.0)	(20.0, 79.0)	(21.0, 327.0)	(22.0, 726.0)	(23.0, 885.0)	(24.0, 855.0)	(25.0, 912.0)	(26.0, 893.0)	(27.0, 960.0)	(28.0, 961.0)	(29.0, 1187.0)	(30.0, 1365.0)	(31.0, 1613.0)	(32.0, 1877.0)	(33.0, 2442.0)	(34.0, 3328.0)	(35.0, 4570.0)	(36.0, 8663.0)	(37.0, 60583.0)	(38.0, 166.0)				
SRR29920119_2	(14.0, 3.0)	(15.0, 23.0)	(16.0, 59.0)	(17.0, 57.0)	(18.0, 54.0)	(19.0, 74.0)	(20.0, 143.0)	(21.0, 192.0)	(22.0, 384.0)	(23.0, 817.0)	(24.0, 1143.0)	(25.0, 1333.0)	(26.0, 1396.0)	(27.0, 1397.0)	(28.0, 1509.0)	(29.0, 1691.0)	(30.0, 1796.0)	(31.0, 1939.0)	(32.0, 2222.0)	(33.0, 2736.0)	(34.0, 3812.0)	(35.0, 5890.0)	(36.0, 10984.0)	(37.0, 52493.0)	(38.0, 260.0)	
SRR29920120_1	(19.0, 5.0)	(20.0, 40.0)	(21.0, 157.0)	(22.0, 324.0)	(23.0, 456.0)	(24.0, 490.0)	(25.0, 513.0)	(26.0, 565.0)	(27.0, 516.0)	(28.0, 588.0)	(29.0, 690.0)	(30.0, 789.0)	(31.0, 913.0)	(32.0, 1108.0)	(33.0, 1403.0)	(34.0, 1892.0)	(35.0, 2786.0)	(36.0, 4886.0)	(37.0, 40210.0)	(38.0, 468.0)						
SRR29920120_2	(14.0, 1.0)	(15.0, 4.0)	(16.0, 18.0)	(17.0, 31.0)	(18.0, 29.0)	(19.0, 48.0)	(20.0, 71.0)	(21.0, 129.0)	(22.0, 241.0)	(23.0, 468.0)	(24.0, 651.0)	(25.0, 779.0)	(26.0, 899.0)	(27.0, 920.0)	(28.0, 976.0)	(29.0, 960.0)	(30.0, 1113.0)	(31.0, 1218.0)	(32.0, 1371.0)	(33.0, 1756.0)	(34.0, 2511.0)	(35.0, 3698.0)	(36.0, 7741.0)	(37.0, 33159.0)	(38.0, 7.0)	
SRR29920121_1	(17.0, 1.0)	(18.0, 1.0)	(19.0, 4.0)	(20.0, 38.0)	(21.0, 233.0)	(22.0, 429.0)	(23.0, 479.0)	(24.0, 512.0)	(25.0, 529.0)	(26.0, 531.0)	(27.0, 524.0)	(28.0, 548.0)	(29.0, 633.0)	(30.0, 840.0)	(31.0, 933.0)	(32.0, 1183.0)	(33.0, 1436.0)	(34.0, 1865.0)	(35.0, 2869.0)	(36.0, 5130.0)	(37.0, 37601.0)	(38.0, 430.0)				
SRR29920121_2	(14.0, 1.0)	(15.0, 3.0)	(16.0, 24.0)	(17.0, 27.0)	(18.0, 34.0)	(19.0, 40.0)	(20.0, 78.0)	(21.0, 120.0)	(22.0, 247.0)	(23.0, 557.0)	(24.0, 777.0)	(25.0, 862.0)	(26.0, 877.0)	(27.0, 878.0)	(28.0, 912.0)	(29.0, 984.0)	(30.0, 1077.0)	(31.0, 1141.0)	(32.0, 1394.0)	(33.0, 1805.0)	(34.0, 2389.0)	(35.0, 3415.0)	(36.0, 6781.0)	(37.0, 32256.0)	(38.0, 70.0)	
SRR29920122_1	(17.0, 1.0)	(18.0, 1.0)	(19.0, 5.0)	(20.0, 33.0)	(21.0, 208.0)	(22.0, 385.0)	(23.0, 504.0)	(24.0, 573.0)	(25.0, 527.0)	(26.0, 561.0)	(27.0, 580.0)	(28.0, 660.0)	(29.0, 786.0)	(30.0, 855.0)	(31.0, 1002.0)	(32.0, 1224.0)	(33.0, 1556.0)	(34.0, 2160.0)	(35.0, 3225.0)	(36.0, 5588.0)	(37.0, 44908.0)	(38.0, 789.0)				
SRR29920122_2	(13.0, 1.0)	(14.0, 3.0)	(15.0, 19.0)	(16.0, 45.0)	(17.0, 32.0)	(18.0, 42.0)	(19.0, 68.0)	(20.0, 122.0)	(21.0, 165.0)	(22.0, 347.0)	(23.0, 709.0)	(24.0, 980.0)	(25.0, 1058.0)	(26.0, 1042.0)	(27.0, 983.0)	(28.0, 1083.0)	(29.0, 1121.0)	(30.0, 1223.0)	(31.0, 1409.0)	(32.0, 1685.0)	(33.0, 2052.0)	(34.0, 2888.0)	(35.0, 4457.0)	(36.0, 8470.0)	(37.0, 36101.0)	(38.0, 26.0)
SRR29920123_1	(17.0, 2.0)	(18.0, 1.0)	(19.0, 4.0)	(20.0, 43.0)	(21.0, 271.0)	(22.0, 514.0)	(23.0, 641.0)	(24.0, 726.0)	(25.0, 797.0)	(26.0, 794.0)	(27.0, 796.0)	(28.0, 874.0)	(29.0, 978.0)	(30.0, 1205.0)	(31.0, 1415.0)	(32.0, 1685.0)	(33.0, 2186.0)	(34.0, 2945.0)	(35.0, 4325.0)	(36.0, 7828.0)	(37.0, 61094.0)	(38.0, 894.0)				
SRR29920123_2	(14.0, 2.0)	(15.0, 8.0)	(16.0, 67.0)	(17.0, 74.0)	(18.0, 85.0)	(19.0, 113.0)	(20.0, 124.0)	(21.0, 198.0)	(22.0, 433.0)	(23.0, 879.0)	(24.0, 1245.0)	(25.0, 1324.0)	(26.0, 1347.0)	(27.0, 1396.0)	(28.0, 1410.0)	(29.0, 1620.0)	(30.0, 1755.0)	(31.0, 2008.0)	(32.0, 2426.0)	(33.0, 3023.0)	(34.0, 4196.0)	(35.0, 6408.0)	(36.0, 11129.0)	(37.0, 48729.0)	(38.0, 19.0)	
SRR29920124_1	(18.0, 1.0)	(19.0, 3.0)	(20.0, 24.0)	(21.0, 150.0)	(22.0, 305.0)	(23.0, 429.0)	(24.0, 420.0)	(25.0, 414.0)	(26.0, 510.0)	(27.0, 517.0)	(28.0, 544.0)	(29.0, 593.0)	(30.0, 644.0)	(31.0, 813.0)	(32.0, 1004.0)	(33.0, 1272.0)	(34.0, 1790.0)	(35.0, 2521.0)	(36.0, 4610.0)	(37.0, 33841.0)	(38.0, 654.0)					
SRR29920124_2	(14.0, 4.0)	(15.0, 6.0)	(16.0, 22.0)	(17.0, 26.0)	(18.0, 28.0)	(19.0, 35.0)	(20.0, 71.0)	(21.0, 127.0)	(22.0, 204.0)	(23.0, 392.0)	(24.0, 626.0)	(25.0, 702.0)	(26.0, 717.0)	(27.0, 780.0)	(28.0, 815.0)	(29.0, 875.0)	(30.0, 984.0)	(31.0, 1086.0)	(32.0, 1220.0)	(33.0, 1555.0)	(34.0, 2133.0)	(35.0, 3383.0)	(36.0, 6599.0)	(37.0, 28661.0)	(38.0, 8.0)	
SRR29920125_1	(18.0, 4.0)	(19.0, 6.0)	(20.0, 32.0)	(21.0, 236.0)	(22.0, 482.0)	(23.0, 543.0)	(24.0, 515.0)	(25.0, 579.0)	(26.0, 598.0)	(27.0, 603.0)	(28.0, 635.0)	(29.0, 750.0)	(30.0, 878.0)	(31.0, 1010.0)	(32.0, 1276.0)	(33.0, 1563.0)	(34.0, 2083.0)	(35.0, 3005.0)	(36.0, 5681.0)	(37.0, 39898.0)	(38.0, 335.0)					
SRR29920125_2	(15.0, 7.0)	(16.0, 34.0)	(17.0, 38.0)	(18.0, 50.0)	(19.0, 61.0)	(20.0, 112.0)	(21.0, 163.0)	(22.0, 298.0)	(23.0, 600.0)	(24.0, 889.0)	(25.0, 917.0)	(26.0, 992.0)	(27.0, 957.0)	(28.0, 1011.0)	(29.0, 1062.0)	(30.0, 1172.0)	(31.0, 1282.0)	(32.0, 1629.0)	(33.0, 2083.0)	(34.0, 2796.0)	(35.0, 4463.0)	(36.0, 7936.0)	(37.0, 32144.0)	(38.0, 16.0)		
SRR29920126_1	(18.0, 1.0)	(19.0, 6.0)	(20.0, 41.0)	(21.0, 256.0)	(22.0, 545.0)	(23.0, 591.0)	(24.0, 641.0)	(25.0, 660.0)	(26.0, 647.0)	(27.0, 702.0)	(28.0, 661.0)	(29.0, 814.0)	(30.0, 985.0)	(31.0, 1313.0)	(32.0, 1461.0)	(33.0, 1962.0)	(34.0, 2543.0)	(35.0, 3793.0)	(36.0, 6864.0)	(37.0, 46642.0)	(38.0, 220.0)					
SRR29920126_2	(15.0, 4.0)	(16.0, 23.0)	(17.0, 25.0)	(18.0, 42.0)	(19.0, 62.0)	(20.0, 92.0)	(21.0, 153.0)	(22.0, 287.0)	(23.0, 686.0)	(24.0, 888.0)	(25.0, 1017.0)	(26.0, 1126.0)	(27.0, 1250.0)	(28.0, 1245.0)	(29.0, 1340.0)	(30.0, 1435.0)	(31.0, 1610.0)	(32.0, 1891.0)	(33.0, 2379.0)	(34.0, 3329.0)	(35.0, 5091.0)	(36.0, 9017.0)	(37.0, 38335.0)	(38.0, 21.0)		
SRR29920127_1	(18.0, 2.0)	(19.0, 5.0)	(20.0, 26.0)	(21.0, 207.0)	(22.0, 409.0)	(23.0, 486.0)	(24.0, 516.0)	(25.0, 611.0)	(26.0, 539.0)	(27.0, 562.0)	(28.0, 641.0)	(29.0, 720.0)	(30.0, 810.0)	(31.0, 987.0)	(32.0, 1164.0)	(33.0, 1528.0)	(34.0, 2133.0)	(35.0, 2960.0)	(36.0, 5243.0)	(37.0, 43125.0)	(38.0, 722.0)					
SRR29920127_2	(13.0, 2.0)	(14.0, 0.0)	(15.0, 7.0)	(16.0, 20.0)	(17.0, 31.0)	(18.0, 36.0)	(19.0, 56.0)	(20.0, 88.0)	(21.0, 120.0)	(22.0, 217.0)	(23.0, 480.0)	(24.0, 717.0)	(25.0, 823.0)	(26.0, 833.0)	(27.0, 927.0)	(28.0, 954.0)	(29.0, 1024.0)	(30.0, 1105.0)	(31.0, 1146.0)	(32.0, 1397.0)	(33.0, 1735.0)	(34.0, 2374.0)	(35.0, 3536.0)	(36.0, 7399.0)	(37.0, 38325.0)	(38.0, 44.0)
SRR29920128_1	(17.0, 1.0)	(18.0, 0.0)	(19.0, 1.0)	(20.0, 37.0)	(21.0, 171.0)	(22.0, 383.0)	(23.0, 483.0)	(24.0, 509.0)	(25.0, 538.0)	(26.0, 573.0)	(27.0, 558.0)	(28.0, 644.0)	(29.0, 685.0)	(30.0, 778.0)	(31.0, 964.0)	(32.0, 1190.0)	(33.0, 1442.0)	(34.0, 1990.0)	(35.0, 2905.0)	(36.0, 5081.0)	(37.0, 42093.0)	(38.0, 943.0)				
SRR29920128_2	(15.0, 5.0)	(16.0, 40.0)	(17.0, 40.0)	(18.0, 35.0)	(19.0, 52.0)	(20.0, 80.0)	(21.0, 108.0)	(22.0, 218.0)	(23.0, 452.0)	(24.0, 708.0)	(25.0, 784.0)	(26.0, 806.0)	(27.0, 857.0)	(28.0, 968.0)	(29.0, 1004.0)	(30.0, 1021.0)	(31.0, 1156.0)	(32.0, 1374.0)	(33.0, 1700.0)	(34.0, 2323.0)	(35.0, 3764.0)	(36.0, 7756.0)	(37.0, 36708.0)	(38.0, 10.0)		
SRR29920129_1	(18.0, 1.0)	(19.0, 8.0)	(20.0, 44.0)	(21.0, 215.0)	(22.0, 470.0)	(23.0, 548.0)	(24.0, 655.0)	(25.0, 684.0)	(26.0, 698.0)	(27.0, 687.0)	(28.0, 793.0)	(29.0, 860.0)	(30.0, 1087.0)	(31.0, 1173.0)	(32.0, 1494.0)	(33.0, 1867.0)	(34.0, 2483.0)	(35.0, 3775.0)	(36.0, 6505.0)	(37.0, 54511.0)	(38.0, 1279.0)					
SRR29920129_2	(14.0, 1.0)	(15.0, 8.0)	(16.0, 42.0)	(17.0, 42.0)	(18.0, 45.0)	(19.0, 96.0)	(20.0, 150.0)	(21.0, 203.0)	(22.0, 385.0)	(23.0, 772.0)	(24.0, 1121.0)	(25.0, 1114.0)	(26.0, 1153.0)	(27.0, 1210.0)	(28.0, 1240.0)	(29.0, 1479.0)	(30.0, 1565.0)	(31.0, 1663.0)	(32.0, 2014.0)	(33.0, 2479.0)	(34.0, 3445.0)	(35.0, 5376.0)	(36.0, 10186.0)	(37.0, 44033.0)	(38.0, 15.0)	
SRR29920130_1	(19.0, 3.0)	(20.0, 46.0)	(21.0, 174.0)	(22.0, 381.0)	(23.0, 514.0)	(24.0, 535.0)	(25.0, 537.0)	(26.0, 522.0)	(27.0, 560.0)	(28.0, 623.0)	(29.0, 692.0)	(30.0, 836.0)	(31.0, 1023.0)	(32.0, 1142.0)	(33.0, 1428.0)	(34.0, 1998.0)	(35.0, 2972.0)	(36.0, 5170.0)	(37.0, 42165.0)	(38.0, 825.0)						
SRR29920130_2	(14.0, 2.0)	(15.0, 9.0)	(16.0, 33.0)	(17.0, 38.0)	(18.0, 35.0)	(19.0, 51.0)	(20.0, 102.0)	(21.0, 136.0)	(22.0, 270.0)	(23.0, 561.0)	(24.0, 838.0)	(25.0, 901.0)	(26.0, 914.0)	(27.0, 915.0)	(28.0, 964.0)	(29.0, 1066.0)	(30.0, 1139.0)	(31.0, 1321.0)	(32.0, 1454.0)	(33.0, 1971.0)	(34.0, 2667.0)	(35.0, 3970.0)	(36.0, 7323.0)	(37.0, 35441.0)	(38.0, 25.0)	
SRR29920131_1	(19.0, 8.0)	(20.0, 30.0)	(21.0, 188.0)	(22.0, 376.0)	(23.0, 475.0)	(24.0, 436.0)	(25.0, 451.0)	(26.0, 480.0)	(27.0, 425.0)	(28.0, 466.0)	(29.0, 528.0)	(30.0, 637.0)	(31.0, 708.0)	(32.0, 841.0)	(33.0, 1025.0)	(34.0, 1449.0)	(35.0, 2035.0)	(36.0, 3684.0)	(37.0, 31110.0)	(38.0, 243.0)						
SRR29920131_2	(14.0, 1.0)	(15.0, 5.0)	(16.0, 34.0)	(17.0, 24.0)	(18.0, 39.0)	(19.0, 60.0)	(20.0, 65.0)	(21.0, 107.0)	(22.0, 194.0)	(23.0, 482.0)	(24.0, 703.0)	(25.0, 725.0)	(26.0, 714.0)	(27.0, 708.0)	(28.0, 724.0)	(29.0, 810.0)	(30.0, 812.0)	(31.0, 901.0)	(32.0, 1107.0)	(33.0, 1263.0)	(34.0, 1704.0)	(35.0, 2730.0)	(36.0, 6098.0)	(37.0, 25574.0)	(38.0, 11.0)	
SRR29920132_1	(18.0, 2.0)	(19.0, 8.0)	(20.0, 34.0)	(21.0, 140.0)	(22.0, 364.0)	(23.0, 403.0)	(24.0, 489.0)	(25.0, 497.0)	(26.0, 462.0)	(27.0, 492.0)	(28.0, 544.0)	(29.0, 640.0)	(30.0, 742.0)	(31.0, 848.0)	(32.0, 985.0)	(33.0, 1283.0)	(34.0, 1745.0)	(35.0, 2463.0)	(36.0, 4444.0)	(37.0, 37143.0)	(38.0, 275.0)					
SRR29920132_2	(15.0, 7.0)	(16.0, 15.0)	(17.0, 28.0)	(18.0, 36.0)	(19.0, 50.0)	(20.0, 87.0)	(21.0, 121.0)	(22.0, 256.0)	(23.0, 522.0)	(24.0, 695.0)	(25.0, 829.0)	(26.0, 799.0)	(27.0, 879.0)	(28.0, 895.0)	(29.0, 940.0)	(30.0, 966.0)	(31.0, 1068.0)	(32.0, 1299.0)	(33.0, 1542.0)	(34.0, 2176.0)	(35.0, 3208.0)	(36.0, 6671.0)	(37.0, 30898.0)	(38.0, 16.0)		
SRR29920133_1	(18.0, 1.0)	(19.0, 3.0)	(20.0, 32.0)	(21.0, 143.0)	(22.0, 352.0)	(23.0, 417.0)	(24.0, 449.0)	(25.0, 452.0)	(26.0, 501.0)	(27.0, 507.0)	(28.0, 537.0)	(29.0, 619.0)	(30.0, 753.0)	(31.0, 816.0)	(32.0, 996.0)	(33.0, 1258.0)	(34.0, 1659.0)	(35.0, 2554.0)	(36.0, 4350.0)	(37.0, 38246.0)	(38.0, 1155.0)					
SRR29920133_2	(15.0, 8.0)	(16.0, 31.0)	(17.0, 36.0)	(18.0, 32.0)	(19.0, 66.0)	(20.0, 96.0)	(21.0, 140.0)	(22.0, 250.0)	(23.0, 593.0)	(24.0, 801.0)	(25.0, 843.0)	(26.0, 804.0)	(27.0, 800.0)	(28.0, 845.0)	(29.0, 960.0)	(30.0, 1056.0)	(31.0, 1053.0)	(32.0, 1343.0)	(33.0, 1642.0)	(34.0, 2222.0)	(35.0, 3383.0)	(36.0, 6689.0)	(37.0, 32091.0)	(38.0, 16.0)		
SRR29920134_1	(19.0, 5.0)	(20.0, 27.0)	(21.0, 177.0)	(22.0, 403.0)	(23.0, 479.0)	(24.0, 471.0)	(25.0, 500.0)	(26.0, 461.0)	(27.0, 532.0)	(28.0, 512.0)	(29.0, 576.0)	(30.0, 768.0)	(31.0, 784.0)	(32.0, 1027.0)	(33.0, 1250.0)	(34.0, 1714.0)	(35.0, 2499.0)	(36.0, 4418.0)	(37.0, 36038.0)	(38.0, 371.0)						
SRR29920134_2	(13.0, 1.0)	(14.0, 1.0)	(15.0, 11.0)	(16.0, 22.0)	(17.0, 26.0)	(18.0, 53.0)	(19.0, 118.0)	(20.0, 120.0)	(21.0, 162.0)	(22.0, 398.0)	(23.0, 814.0)	(24.0, 1078.0)	(25.0, 940.0)	(26.0, 958.0)	(27.0, 939.0)	(28.0, 932.0)	(29.0, 1065.0)	(30.0, 1127.0)	(31.0, 1214.0)	(32.0, 1412.0)	(33.0, 1761.0)	(34.0, 2438.0)	(35.0, 3630.0)	(36.0, 7446.0)	(37.0, 26337.0)	(38.0, 9.0)
SRR29920135_1	(17.0, 1.0)	(18.0, 2.0)	(19.0, 13.0)	(20.0, 57.0)	(21.0, 213.0)	(22.0, 468.0)	(23.0, 556.0)	(24.0, 566.0)	(25.0, 618.0)	(26.0, 682.0)	(27.0, 635.0)	(28.0, 652.0)	(29.0, 780.0)	(30.0, 939.0)	(31.0, 1126.0)	(32.0, 1390.0)	(33.0, 1798.0)	(34.0, 2399.0)	(35.0, 3481.0)	(36.0, 6406.0)	(37.0, 46484.0)	(38.0, 451.0)				
SRR29920135_2	(14.0, 2.0)	(15.0, 15.0)	(16.0, 26.0)	(17.0, 34.0)	(18.0, 56.0)	(19.0, 81.0)	(20.0, 140.0)	(21.0, 184.0)	(22.0, 343.0)	(23.0, 769.0)	(24.0, 1021.0)	(25.0, 1100.0)	(26.0, 1179.0)	(27.0, 1198.0)	(28.0, 1202.0)	(29.0, 1309.0)	(30.0, 1389.0)	(31.0, 1626.0)	(32.0, 1899.0)	(33.0, 2403.0)	(34.0, 3205.0)	(35.0, 4697.0)	(36.0, 9413.0)	(37.0, 36401.0)	(38.0, 25.0)	
SRR29920136_1	(19.0, 4.0)	(20.0, 34.0)	(21.0, 183.0)	(22.0, 388.0)	(23.0, 491.0)	(24.0, 507.0)	(25.0, 495.0)	(26.0, 541.0)	(27.0, 571.0)	(28.0, 569.0)	(29.0, 666.0)	(30.0, 784.0)	(31.0, 964.0)	(32.0, 1137.0)	(33.0, 1507.0)	(34.0, 2035.0)	(35.0, 3015.0)	(36.0, 5683.0)	(37.0, 39602.0)	(38.0, 498.0)						
SRR29920136_2	(14.0, 2.0)	(15.0, 3.0)	(16.0, 24.0)	(17.0, 29.0)	(18.0, 56.0)	(19.0, 104.0)	(20.0, 127.0)	(21.0, 233.0)	(22.0, 442.0)	(23.0, 863.0)	(24.0, 1098.0)	(25.0, 1067.0)	(26.0, 1027.0)	(27.0, 1142.0)	(28.0, 1121.0)	(29.0, 1260.0)	(30.0, 1388.0)	(31.0, 1543.0)	(32.0, 1894.0)	(33.0, 2366.0)	(34.0, 3344.0)	(35.0, 5137.0)	(36.0, 9202.0)	(37.0, 26200.0)	(38.0, 2.0)	
SRR29920137_1	(19.0, 6.0)	(20.0, 40.0)	(21.0, 211.0)	(22.0, 432.0)	(23.0, 539.0)	(24.0, 556.0)	(25.0, 542.0)	(26.0, 567.0)	(27.0, 605.0)	(28.0, 657.0)	(29.0, 738.0)	(30.0, 838.0)	(31.0, 1065.0)	(32.0, 1235.0)	(33.0, 1649.0)	(34.0, 2058.0)	(35.0, 3217.0)	(36.0, 5686.0)	(37.0, 41728.0)	(38.0, 605.0)						
SRR29920137_2	(14.0, 1.0)	(15.0, 7.0)	(16.0, 22.0)	(17.0, 30.0)	(18.0, 63.0)	(19.0, 122.0)	(20.0, 178.0)	(21.0, 249.0)	(22.0, 592.0)	(23.0, 1093.0)	(24.0, 1299.0)	(25.0, 1221.0)	(26.0, 1228.0)	(27.0, 1200.0)	(28.0, 1277.0)	(29.0, 1366.0)	(30.0, 1496.0)	(31.0, 1669.0)	(32.0, 2157.0)	(33.0, 2519.0)	(34.0, 3451.0)	(35.0, 5108.0)	(36.0, 9521.0)	(37.0, 27100.0)	(38.0, 5.0)	
SRR29920138_1	(19.0, 2.0)	(20.0, 36.0)	(21.0, 276.0)	(22.0, 594.0)	(23.0, 709.0)	(24.0, 719.0)	(25.0, 841.0)	(26.0, 834.0)	(27.0, 835.0)	(28.0, 810.0)	(29.0, 943.0)	(30.0, 1127.0)	(31.0, 1335.0)	(32.0, 1627.0)	(33.0, 2101.0)	(34.0, 2864.0)	(35.0, 4081.0)	(36.0, 7506.0)	(37.0, 58401.0)	(38.0, 1178.0)						
SRR29920138_2	(14.0, 4.0)	(15.0, 15.0)	(16.0, 24.0)	(17.0, 28.0)	(18.0, 35.0)	(19.0, 50.0)	(20.0, 94.0)	(21.0, 152.0)	(22.0, 264.0)	(23.0, 568.0)	(24.0, 879.0)	(25.0, 1025.0)	(26.0, 1130.0)	(27.0, 1199.0)	(28.0, 1230.0)	(29.0, 1325.0)	(30.0, 1542.0)	(31.0, 1673.0)	(32.0, 2014.0)	(33.0, 2363.0)	(34.0, 3284.0)	(35.0, 5190.0)	(36.0, 9951.0)	(37.0, 52694.0)	(38.0, 86.0)	
SRR29920139_1	(19.0, 7.0)	(20.0, 43.0)	(21.0, 223.0)	(22.0, 510.0)	(23.0, 584.0)	(24.0, 619.0)	(25.0, 682.0)	(26.0, 646.0)	(27.0, 718.0)	(28.0, 756.0)	(29.0, 844.0)	(30.0, 1043.0)	(31.0, 1273.0)	(32.0, 1424.0)	(33.0, 1851.0)	(34.0, 2570.0)	(35.0, 3630.0)	(36.0, 6379.0)	(37.0, 53441.0)	(38.0, 1236.0)						
SRR29920139_2	(15.0, 6.0)	(16.0, 37.0)	(17.0, 37.0)	(18.0, 65.0)	(19.0, 78.0)	(20.0, 125.0)	(21.0, 189.0)	(22.0, 380.0)	(23.0, 813.0)	(24.0, 1072.0)	(25.0, 1182.0)	(26.0, 1181.0)	(27.0, 1269.0)	(28.0, 1229.0)	(29.0, 1346.0)	(30.0, 1468.0)	(31.0, 1636.0)	(32.0, 2027.0)	(33.0, 2462.0)	(34.0, 3325.0)	(35.0, 5373.0)	(36.0, 10249.0)	(37.0, 42917.0)	(38.0, 13.0)		
SRR29920140_1	(19.0, 6.0)	(20.0, 43.0)	(21.0, 282.0)	(22.0, 600.0)	(23.0, 744.0)	(24.0, 715.0)	(25.0, 710.0)	(26.0, 729.0)	(27.0, 733.0)	(28.0, 786.0)	(29.0, 862.0)	(30.0, 1013.0)	(31.0, 1273.0)	(32.0, 1500.0)	(33.0, 1947.0)	(34.0, 2647.0)	(35.0, 3722.0)	(36.0, 6645.0)	(37.0, 53030.0)	(38.0, 918.0)						
SRR29920140_2	(14.0, 2.0)	(15.0, 12.0)	(16.0, 42.0)	(17.0, 33.0)	(18.0, 66.0)	(19.0, 88.0)	(20.0, 132.0)	(21.0, 188.0)	(22.0, 402.0)	(23.0, 840.0)	(24.0, 1181.0)	(25.0, 1173.0)	(26.0, 1278.0)	(27.0, 1291.0)	(28.0, 1264.0)	(29.0, 1375.0)	(30.0, 1511.0)	(31.0, 1663.0)	(32.0, 2027.0)	(33.0, 2604.0)	(34.0, 3419.0)	(35.0, 5273.0)	(36.0, 10142.0)	(37.0, 42878.0)	(38.0, 21.0)	
SRR29920141_1	(20.0, 31.0)	(21.0, 172.0)	(22.0, 349.0)	(23.0, 421.0)	(24.0, 431.0)	(25.0, 451.0)	(26.0, 433.0)	(27.0, 440.0)	(28.0, 449.0)	(29.0, 532.0)	(30.0, 631.0)	(31.0, 810.0)	(32.0, 900.0)	(33.0, 1151.0)	(34.0, 1549.0)	(35.0, 2212.0)	(36.0, 4117.0)	(37.0, 34531.0)	(38.0, 1023.0)							
SRR29920141_2	(14.0, 1.0)	(15.0, 11.0)	(16.0, 27.0)	(17.0, 25.0)	(18.0, 29.0)	(19.0, 50.0)	(20.0, 74.0)	(21.0, 124.0)	(22.0, 200.0)	(23.0, 431.0)	(24.0, 629.0)	(25.0, 696.0)	(26.0, 671.0)	(27.0, 799.0)	(28.0, 745.0)	(29.0, 801.0)	(30.0, 870.0)	(31.0, 1017.0)	(32.0, 1081.0)	(33.0, 1456.0)	(34.0, 2065.0)	(35.0, 3230.0)	(36.0, 6643.0)	(37.0, 28954.0)	(38.0, 4.0)	
SRR29920142_1	(18.0, 1.0)	(19.0, 4.0)	(20.0, 32.0)	(21.0, 154.0)	(22.0, 322.0)	(23.0, 409.0)	(24.0, 381.0)	(25.0, 403.0)	(26.0, 437.0)	(27.0, 414.0)	(28.0, 388.0)	(29.0, 458.0)	(30.0, 559.0)	(31.0, 648.0)	(32.0, 780.0)	(33.0, 971.0)	(34.0, 1283.0)	(35.0, 1831.0)	(36.0, 3253.0)	(37.0, 28217.0)	(38.0, 200.0)					
SRR29920142_2	(14.0, 2.0)	(15.0, 9.0)	(16.0, 22.0)	(17.0, 23.0)	(18.0, 30.0)	(19.0, 43.0)	(20.0, 63.0)	(21.0, 83.0)	(22.0, 183.0)	(23.0, 392.0)	(24.0, 564.0)	(25.0, 569.0)	(26.0, 623.0)	(27.0, 632.0)	(28.0, 640.0)	(29.0, 675.0)	(30.0, 691.0)	(31.0, 833.0)	(32.0, 978.0)	(33.0, 1079.0)	(34.0, 1527.0)	(35.0, 2461.0)	(36.0, 5769.0)	(37.0, 23243.0)	(38.0, 11.0)	
SRR29920143_1	(16.0, 1.0)	(17.0, 0.0)	(18.0, 0.0)	(19.0, 4.0)	(20.0, 26.0)	(21.0, 184.0)	(22.0, 354.0)	(23.0, 519.0)	(24.0, 480.0)	(25.0, 503.0)	(26.0, 518.0)	(27.0, 535.0)	(28.0, 576.0)	(29.0, 659.0)	(30.0, 748.0)	(31.0, 877.0)	(32.0, 1064.0)	(33.0, 1369.0)	(34.0, 1872.0)	(35.0, 2740.0)	(36.0, 4744.0)	(37.0, 39848.0)	(38.0, 1107.0)			
SRR29920143_2	(13.0, 1.0)	(14.0, 2.0)	(15.0, 8.0)	(16.0, 37.0)	(17.0, 42.0)	(18.0, 49.0)	(19.0, 53.0)	(20.0, 86.0)	(21.0, 122.0)	(22.0, 208.0)	(23.0, 437.0)	(24.0, 657.0)	(25.0, 732.0)	(26.0, 764.0)	(27.0, 819.0)	(28.0, 957.0)	(29.0, 923.0)	(30.0, 1081.0)	(31.0, 1160.0)	(32.0, 1327.0)	(33.0, 1612.0)	(34.0, 2279.0)	(35.0, 3533.0)	(36.0, 7157.0)	(37.0, 34661.0)	(38.0, 21.0)
SRR29920144_1	(16.0, 1.0)	(17.0, 0.0)	(18.0, 0.0)	(19.0, 12.0)	(20.0, 50.0)	(21.0, 267.0)	(22.0, 613.0)	(23.0, 764.0)	(24.0, 802.0)	(25.0, 791.0)	(26.0, 784.0)	(27.0, 762.0)	(28.0, 852.0)	(29.0, 960.0)	(30.0, 1085.0)	(31.0, 1431.0)	(32.0, 1708.0)	(33.0, 2106.0)	(34.0, 2899.0)	(35.0, 4069.0)	(36.0, 7346.0)	(37.0, 60197.0)	(38.0, 866.0)			
SRR29920144_2	(14.0, 1.0)	(15.0, 13.0)	(16.0, 55.0)	(17.0, 63.0)	(18.0, 60.0)	(19.0, 94.0)	(20.0, 150.0)	(21.0, 191.0)	(22.0, 344.0)	(23.0, 737.0)	(24.0, 1133.0)	(25.0, 1226.0)	(26.0, 1198.0)	(27.0, 1296.0)	(28.0, 1408.0)	(29.0, 1462.0)	(30.0, 1620.0)	(31.0, 1769.0)	(32.0, 2096.0)	(33.0, 2593.0)	(34.0, 3556.0)	(35.0, 5295.0)	(36.0, 10781.0)	(37.0, 51198.0)	(38.0, 26.0)	
SRR29920145_1	(18.0, 1.0)	(19.0, 1.0)	(20.0, 37.0)	(21.0, 178.0)	(22.0, 386.0)	(23.0, 462.0)	(24.0, 481.0)	(25.0, 519.0)	(26.0, 540.0)	(27.0, 564.0)	(28.0, 594.0)	(29.0, 695.0)	(30.0, 753.0)	(31.0, 901.0)	(32.0, 1173.0)	(33.0, 1385.0)	(34.0, 1929.0)	(35.0, 2737.0)	(36.0, 5004.0)	(37.0, 40170.0)	(38.0, 573.0)					
SRR29920145_2	(15.0, 8.0)	(16.0, 21.0)	(17.0, 32.0)	(18.0, 29.0)	(19.0, 33.0)	(20.0, 83.0)	(21.0, 116.0)	(22.0, 218.0)	(23.0, 485.0)	(24.0, 661.0)	(25.0, 798.0)	(26.0, 773.0)	(27.0, 904.0)	(28.0, 904.0)	(29.0, 926.0)	(30.0, 1117.0)	(31.0, 1219.0)	(32.0, 1438.0)	(33.0, 1727.0)	(34.0, 2377.0)	(35.0, 3591.0)	(36.0, 7282.0)	(37.0, 34304.0)	(38.0, 37.0)		
SRR29920146_1	(19.0, 6.0)	(20.0, 36.0)	(21.0, 249.0)	(22.0, 509.0)	(23.0, 611.0)	(24.0, 583.0)	(25.0, 606.0)	(26.0, 591.0)	(27.0, 629.0)	(28.0, 645.0)	(29.0, 727.0)	(30.0, 830.0)	(31.0, 1065.0)	(32.0, 1281.0)	(33.0, 1597.0)	(34.0, 2158.0)	(35.0, 3119.0)	(36.0, 5565.0)	(37.0, 45254.0)	(38.0, 875.0)						
SRR29920146_2	(14.0, 2.0)	(15.0, 10.0)	(16.0, 34.0)	(17.0, 47.0)	(18.0, 56.0)	(19.0, 82.0)	(20.0, 118.0)	(21.0, 174.0)	(22.0, 291.0)	(23.0, 664.0)	(24.0, 880.0)	(25.0, 1045.0)	(26.0, 1002.0)	(27.0, 1025.0)	(28.0, 1074.0)	(29.0, 1122.0)	(30.0, 1239.0)	(31.0, 1405.0)	(32.0, 1640.0)	(33.0, 2027.0)	(34.0, 3010.0)	(35.0, 4420.0)	(36.0, 9369.0)	(37.0, 36191.0)	(38.0, 9.0)	
SRR29920147_1	(19.0, 2.0)	(20.0, 26.0)	(21.0, 128.0)	(22.0, 336.0)	(23.0, 489.0)	(24.0, 532.0)	(25.0, 609.0)	(26.0, 577.0)	(27.0, 607.0)	(28.0, 613.0)	(29.0, 721.0)	(30.0, 857.0)	(31.0, 996.0)	(32.0, 1192.0)	(33.0, 1451.0)	(34.0, 2029.0)	(35.0, 2957.0)	(36.0, 5107.0)	(37.0, 47178.0)	(38.0, 1216.0)						
SRR29920147_2	(15.0, 8.0)	(16.0, 37.0)	(17.0, 36.0)	(18.0, 53.0)	(19.0, 95.0)	(20.0, 153.0)	(21.0, 202.0)	(22.0, 424.0)	(23.0, 920.0)	(24.0, 1219.0)	(25.0, 1161.0)	(26.0, 1112.0)	(27.0, 1071.0)	(28.0, 1248.0)	(29.0, 1208.0)	(30.0, 1325.0)	(31.0, 1442.0)	(32.0, 1732.0)	(33.0, 2186.0)	(34.0, 2983.0)	(35.0, 4585.0)	(36.0, 10100.0)	(37.0, 34321.0)	(38.0, 2.0)		
SRR29920148_1	(18.0, 1.0)	(19.0, 4.0)	(20.0, 31.0)	(21.0, 139.0)	(22.0, 359.0)	(23.0, 506.0)	(24.0, 485.0)	(25.0, 519.0)	(26.0, 504.0)	(27.0, 558.0)	(28.0, 621.0)	(29.0, 689.0)	(30.0, 761.0)	(31.0, 914.0)	(32.0, 1136.0)	(33.0, 1379.0)	(34.0, 2003.0)	(35.0, 2996.0)	(36.0, 4842.0)	(37.0, 44696.0)	(38.0, 1411.0)					
SRR29920148_2	(14.0, 1.0)	(15.0, 11.0)	(16.0, 37.0)	(17.0, 66.0)	(18.0, 56.0)	(19.0, 99.0)	(20.0, 148.0)	(21.0, 163.0)	(22.0, 335.0)	(23.0, 683.0)	(24.0, 1069.0)	(25.0, 967.0)	(26.0, 1006.0)	(27.0, 1007.0)	(28.0, 1010.0)	(29.0, 1068.0)	(30.0, 1225.0)	(31.0, 1282.0)	(32.0, 1492.0)	(33.0, 1933.0)	(34.0, 2724.0)	(35.0, 3970.0)	(36.0, 8402.0)	(37.0, 35797.0)	(38.0, 3.0)	
SRR29920149_1	(19.0, 6.0)	(20.0, 13.0)	(21.0, 83.0)	(22.0, 230.0)	(23.0, 265.0)	(24.0, 275.0)	(25.0, 311.0)	(26.0, 325.0)	(27.0, 322.0)	(28.0, 341.0)	(29.0, 410.0)	(30.0, 472.0)	(31.0, 554.0)	(32.0, 659.0)	(33.0, 814.0)	(34.0, 1131.0)	(35.0, 1693.0)	(36.0, 2964.0)	(37.0, 25521.0)	(38.0, 576.0)						
SRR29920149_2	(15.0, 4.0)	(16.0, 16.0)	(17.0, 38.0)	(18.0, 27.0)	(19.0, 53.0)	(20.0, 84.0)	(21.0, 116.0)	(22.0, 222.0)	(23.0, 503.0)	(24.0, 659.0)	(25.0, 648.0)	(26.0, 613.0)	(27.0, 628.0)	(28.0, 598.0)	(29.0, 702.0)	(30.0, 724.0)	(31.0, 829.0)	(32.0, 916.0)	(33.0, 1176.0)	(34.0, 1717.0)	(35.0, 2536.0)	(36.0, 5529.0)	(37.0, 18625.0)	(38.0, 2.0)		
SRR29920150_1	(20.0, 27.0)	(21.0, 138.0)	(22.0, 321.0)	(23.0, 397.0)	(24.0, 384.0)	(25.0, 397.0)	(26.0, 409.0)	(27.0, 413.0)	(28.0, 403.0)	(29.0, 471.0)	(30.0, 536.0)	(31.0, 597.0)	(32.0, 782.0)	(33.0, 925.0)	(34.0, 1294.0)	(35.0, 1859.0)	(36.0, 3298.0)	(37.0, 28191.0)	(38.0, 497.0)							
SRR29920150_2	(15.0, 3.0)	(16.0, 16.0)	(17.0, 27.0)	(18.0, 39.0)	(19.0, 67.0)	(20.0, 109.0)	(21.0, 139.0)	(22.0, 238.0)	(23.0, 512.0)	(24.0, 756.0)	(25.0, 723.0)	(26.0, 644.0)	(27.0, 622.0)	(28.0, 713.0)	(29.0, 756.0)	(30.0, 747.0)	(31.0, 858.0)	(32.0, 1006.0)	(33.0, 1223.0)	(34.0, 1709.0)	(35.0, 2579.0)	(36.0, 5489.0)	(37.0, 22360.0)	(38.0, 4.0)		
SRR29920151_1	(18.0, 1.0)	(19.0, 6.0)	(20.0, 35.0)	(21.0, 169.0)	(22.0, 401.0)	(23.0, 491.0)	(24.0, 475.0)	(25.0, 486.0)	(26.0, 529.0)	(27.0, 552.0)	(28.0, 500.0)	(29.0, 625.0)	(30.0, 699.0)	(31.0, 822.0)	(32.0, 1025.0)	(33.0, 1258.0)	(34.0, 1792.0)	(35.0, 2565.0)	(36.0, 4589.0)	(37.0, 35639.0)	(38.0, 378.0)					
SRR29920151_2	(14.0, 1.0)	(15.0, 5.0)	(16.0, 12.0)	(17.0, 28.0)	(18.0, 25.0)	(19.0, 68.0)	(20.0, 125.0)	(21.0, 157.0)	(22.0, 323.0)	(23.0, 702.0)	(24.0, 912.0)	(25.0, 935.0)	(26.0, 962.0)	(27.0, 904.0)	(28.0, 963.0)	(29.0, 962.0)	(30.0, 1080.0)	(31.0, 1141.0)	(32.0, 1316.0)	(33.0, 1665.0)	(34.0, 2229.0)	(35.0, 3314.0)	(36.0, 6694.0)	(37.0, 28483.0)	(38.0, 31.0)	
SRR29920152_1	(18.0, 1.0)	(19.0, 6.0)	(20.0, 32.0)	(21.0, 167.0)	(22.0, 355.0)	(23.0, 483.0)	(24.0, 479.0)	(25.0, 423.0)	(26.0, 512.0)	(27.0, 493.0)	(28.0, 492.0)	(29.0, 563.0)	(30.0, 698.0)	(31.0, 820.0)	(32.0, 1052.0)	(33.0, 1255.0)	(34.0, 1726.0)	(35.0, 2347.0)	(36.0, 4330.0)	(37.0, 31821.0)	(38.0, 173.0)					
SRR29920152_2	(14.0, 1.0)	(15.0, 6.0)	(16.0, 19.0)	(17.0, 13.0)	(18.0, 36.0)	(19.0, 77.0)	(20.0, 87.0)	(21.0, 161.0)	(22.0, 338.0)	(23.0, 620.0)	(24.0, 888.0)	(25.0, 882.0)	(26.0, 902.0)	(27.0, 947.0)	(28.0, 973.0)	(29.0, 970.0)	(30.0, 970.0)	(31.0, 1093.0)	(32.0, 1206.0)	(33.0, 1617.0)	(34.0, 2162.0)	(35.0, 3238.0)	(36.0, 6734.0)	(37.0, 24279.0)	(38.0, 9.0)	
SRR29920153_1	(18.0, 4.0)	(19.0, 5.0)	(20.0, 24.0)	(21.0, 110.0)	(22.0, 270.0)	(23.0, 341.0)	(24.0, 412.0)	(25.0, 375.0)	(26.0, 394.0)	(27.0, 436.0)	(28.0, 407.0)	(29.0, 521.0)	(30.0, 609.0)	(31.0, 745.0)	(32.0, 939.0)	(33.0, 1076.0)	(34.0, 1477.0)	(35.0, 2096.0)	(36.0, 3822.0)	(37.0, 32329.0)	(38.0, 396.0)					
SRR29920153_2	(13.0, 1.0)	(14.0, 3.0)	(15.0, 3.0)	(16.0, 32.0)	(17.0, 23.0)	(18.0, 32.0)	(19.0, 53.0)	(20.0, 106.0)	(21.0, 108.0)	(22.0, 220.0)	(23.0, 490.0)	(24.0, 661.0)	(25.0, 715.0)	(26.0, 697.0)	(27.0, 761.0)	(28.0, 829.0)	(29.0, 791.0)	(30.0, 883.0)	(31.0, 919.0)	(32.0, 1041.0)	(33.0, 1389.0)	(34.0, 1831.0)	(35.0, 2848.0)	(36.0, 5939.0)	(37.0, 26411.0)	(38.0, 2.0)
SRR29920154_1	(19.0, 5.0)	(20.0, 29.0)	(21.0, 183.0)	(22.0, 433.0)	(23.0, 551.0)	(24.0, 616.0)	(25.0, 601.0)	(26.0, 630.0)	(27.0, 614.0)	(28.0, 649.0)	(29.0, 693.0)	(30.0, 869.0)	(31.0, 971.0)	(32.0, 1146.0)	(33.0, 1434.0)	(34.0, 2003.0)	(35.0, 2931.0)	(36.0, 5053.0)	(37.0, 43122.0)	(38.0, 778.0)						
SRR29920154_2	(13.0, 1.0)	(14.0, 2.0)	(15.0, 22.0)	(16.0, 32.0)	(17.0, 49.0)	(18.0, 48.0)	(19.0, 70.0)	(20.0, 128.0)	(21.0, 163.0)	(22.0, 320.0)	(23.0, 757.0)	(24.0, 1062.0)	(25.0, 1067.0)	(26.0, 1004.0)	(27.0, 1070.0)	(28.0, 1088.0)	(29.0, 1129.0)	(30.0, 1226.0)	(31.0, 1288.0)	(32.0, 1482.0)	(33.0, 1931.0)	(34.0, 2717.0)	(35.0, 4140.0)	(36.0, 8013.0)	(37.0, 34468.0)	(38.0, 34.0)
SRR29920155_1	(18.0, 2.0)	(19.0, 1.0)	(20.0, 42.0)	(21.0, 233.0)	(22.0, 523.0)	(23.0, 601.0)	(24.0, 651.0)	(25.0, 659.0)	(26.0, 658.0)	(27.0, 643.0)	(28.0, 703.0)	(29.0, 827.0)	(30.0, 1004.0)	(31.0, 1143.0)	(32.0, 1286.0)	(33.0, 1601.0)	(34.0, 2277.0)	(35.0, 3245.0)	(36.0, 5629.0)	(37.0, 46857.0)	(38.0, 632.0)					
SRR29920155_2	(14.0, 1.0)	(15.0, 3.0)	(16.0, 32.0)	(17.0, 50.0)	(18.0, 66.0)	(19.0, 103.0)	(20.0, 160.0)	(21.0, 212.0)	(22.0, 426.0)	(23.0, 885.0)	(24.0, 1221.0)	(25.0, 1281.0)	(26.0, 1197.0)	(27.0, 1114.0)	(28.0, 1243.0)	(29.0, 1245.0)	(30.0, 1359.0)	(31.0, 1427.0)	(32.0, 1657.0)	(33.0, 2155.0)	(34.0, 2838.0)	(35.0, 4189.0)	(36.0, 8501.0)	(37.0, 37837.0)	(38.0, 15.0)	
SRR29920156_1	(19.0, 4.0)	(20.0, 45.0)	(21.0, 260.0)	(22.0, 532.0)	(23.0, 591.0)	(24.0, 652.0)	(25.0, 659.0)	(26.0, 663.0)	(27.0, 651.0)	(28.0, 736.0)	(29.0, 827.0)	(30.0, 1028.0)	(31.0, 1177.0)	(32.0, 1492.0)	(33.0, 1840.0)	(34.0, 2465.0)	(35.0, 3474.0)	(36.0, 6333.0)	(37.0, 50368.0)	(38.0, 443.0)						
SRR29920156_2	(14.0, 1.0)	(15.0, 9.0)	(16.0, 36.0)	(17.0, 65.0)	(18.0, 56.0)	(19.0, 80.0)	(20.0, 129.0)	(21.0, 186.0)	(22.0, 387.0)	(23.0, 768.0)	(24.0, 1050.0)	(25.0, 1115.0)	(26.0, 1151.0)	(27.0, 1161.0)	(28.0, 1240.0)	(29.0, 1270.0)	(30.0, 1387.0)	(31.0, 1593.0)	(32.0, 1772.0)	(33.0, 2383.0)	(34.0, 3189.0)	(35.0, 4849.0)	(36.0, 9599.0)	(37.0, 40749.0)	(38.0, 15.0)	
SRR29920157_1	(17.0, 1.0)	(18.0, 1.0)	(19.0, 5.0)	(20.0, 48.0)	(21.0, 248.0)	(22.0, 480.0)	(23.0, 557.0)	(24.0, 544.0)	(25.0, 562.0)	(26.0, 571.0)	(27.0, 584.0)	(28.0, 649.0)	(29.0, 708.0)	(30.0, 872.0)	(31.0, 1002.0)	(32.0, 1243.0)	(33.0, 1428.0)	(34.0, 2036.0)	(35.0, 2732.0)	(36.0, 4947.0)	(37.0, 44733.0)	(38.0, 502.0)				
SRR29920157_2	(14.0, 1.0)	(15.0, 4.0)	(16.0, 23.0)	(17.0, 35.0)	(18.0, 64.0)	(19.0, 79.0)	(20.0, 132.0)	(21.0, 179.0)	(22.0, 329.0)	(23.0, 718.0)	(24.0, 1010.0)	(25.0, 981.0)	(26.0, 1047.0)	(27.0, 1015.0)	(28.0, 1048.0)	(29.0, 1120.0)	(30.0, 1184.0)	(31.0, 1359.0)	(32.0, 1579.0)	(33.0, 1924.0)	(34.0, 2605.0)	(35.0, 3999.0)	(36.0, 7976.0)	(37.0, 36035.0)	(38.0, 7.0)	
SRR29920158_1	(16.0, 1.0)	(17.0, 0.0)	(18.0, 1.0)	(19.0, 9.0)	(20.0, 43.0)	(21.0, 280.0)	(22.0, 562.0)	(23.0, 634.0)	(24.0, 671.0)	(25.0, 650.0)	(26.0, 682.0)	(27.0, 719.0)	(28.0, 678.0)	(29.0, 907.0)	(30.0, 1080.0)	(31.0, 1208.0)	(32.0, 1502.0)	(33.0, 1956.0)	(34.0, 2410.0)	(35.0, 3560.0)	(36.0, 6295.0)	(37.0, 51558.0)	(38.0, 447.0)			
SRR29920158_2	(14.0, 5.0)	(15.0, 13.0)	(16.0, 36.0)	(17.0, 26.0)	(18.0, 58.0)	(19.0, 70.0)	(20.0, 128.0)	(21.0, 183.0)	(22.0, 374.0)	(23.0, 878.0)	(24.0, 1152.0)	(25.0, 1235.0)	(26.0, 1280.0)	(27.0, 1328.0)	(28.0, 1240.0)	(29.0, 1424.0)	(30.0, 1441.0)	(31.0, 1575.0)	(32.0, 1902.0)	(33.0, 2312.0)	(34.0, 3105.0)	(35.0, 4506.0)	(36.0, 9843.0)	(37.0, 41715.0)	(38.0, 24.0)	
SRR29920159_1	(18.0, 1.0)	(19.0, 1.0)	(20.0, 39.0)	(21.0, 171.0)	(22.0, 397.0)	(23.0, 430.0)	(24.0, 422.0)	(25.0, 413.0)	(26.0, 423.0)	(27.0, 480.0)	(28.0, 485.0)	(29.0, 585.0)	(30.0, 672.0)	(31.0, 882.0)	(32.0, 1020.0)	(33.0, 1306.0)	(34.0, 1619.0)	(35.0, 2299.0)	(36.0, 4526.0)	(37.0, 32423.0)	(38.0, 251.0)					
SRR29920159_2	(14.0, 1.0)	(15.0, 5.0)	(16.0, 24.0)	(17.0, 27.0)	(18.0, 29.0)	(19.0, 36.0)	(20.0, 88.0)	(21.0, 109.0)	(22.0, 219.0)	(23.0, 418.0)	(24.0, 661.0)	(25.0, 714.0)	(26.0, 744.0)	(27.0, 837.0)	(28.0, 850.0)	(29.0, 931.0)	(30.0, 968.0)	(31.0, 1070.0)	(32.0, 1138.0)	(33.0, 1518.0)	(34.0, 1960.0)	(35.0, 2978.0)	(36.0, 6122.0)	(37.0, 27373.0)	(38.0, 25.0)	
SRR29920160_1	(18.0, 2.0)	(19.0, 5.0)	(20.0, 40.0)	(21.0, 191.0)	(22.0, 392.0)	(23.0, 448.0)	(24.0, 511.0)	(25.0, 463.0)	(26.0, 470.0)	(27.0, 502.0)	(28.0, 533.0)	(29.0, 592.0)	(30.0, 711.0)	(31.0, 907.0)	(32.0, 1072.0)	(33.0, 1345.0)	(34.0, 1868.0)	(35.0, 2562.0)	(36.0, 4724.0)	(37.0, 34648.0)	(38.0, 473.0)					
SRR29920160_2	(14.0, 2.0)	(15.0, 8.0)	(16.0, 32.0)	(17.0, 35.0)	(18.0, 39.0)	(19.0, 64.0)	(20.0, 127.0)	(21.0, 169.0)	(22.0, 413.0)	(23.0, 816.0)	(24.0, 988.0)	(25.0, 880.0)	(26.0, 897.0)	(27.0, 894.0)	(28.0, 984.0)	(29.0, 1058.0)	(30.0, 1205.0)	(31.0, 1451.0)	(32.0, 1613.0)	(33.0, 2072.0)	(34.0, 2826.0)	(35.0, 4150.0)	(36.0, 7443.0)	(37.0, 24274.0)	(38.0, 19.0)	
SRR29920161_1	(19.0, 4.0)	(20.0, 34.0)	(21.0, 205.0)	(22.0, 452.0)	(23.0, 524.0)	(24.0, 526.0)	(25.0, 526.0)	(26.0, 536.0)	(27.0, 564.0)	(28.0, 528.0)	(29.0, 665.0)	(30.0, 832.0)	(31.0, 994.0)	(32.0, 1195.0)	(33.0, 1499.0)	(34.0, 1996.0)	(35.0, 2805.0)	(36.0, 4964.0)	(37.0, 37810.0)	(38.0, 254.0)						
SRR29920161_2	(13.0, 1.0)	(14.0, 2.0)	(15.0, 5.0)	(16.0, 32.0)	(17.0, 35.0)	(18.0, 28.0)	(19.0, 65.0)	(20.0, 69.0)	(21.0, 121.0)	(22.0, 279.0)	(23.0, 538.0)	(24.0, 713.0)	(25.0, 790.0)	(26.0, 857.0)	(27.0, 845.0)	(28.0, 894.0)	(29.0, 1009.0)	(30.0, 1063.0)	(31.0, 1248.0)	(32.0, 1343.0)	(33.0, 1734.0)	(34.0, 2407.0)	(35.0, 3391.0)	(36.0, 6415.0)	(37.0, 32986.0)	(38.0, 43.0)
SRR29920162_1	(19.0, 6.0)	(20.0, 44.0)	(21.0, 224.0)	(22.0, 542.0)	(23.0, 618.0)	(24.0, 673.0)	(25.0, 696.0)	(26.0, 679.0)	(27.0, 724.0)	(28.0, 783.0)	(29.0, 859.0)	(30.0, 1041.0)	(31.0, 1233.0)	(32.0, 1471.0)	(33.0, 1832.0)	(34.0, 2530.0)	(35.0, 3685.0)	(36.0, 6318.0)	(37.0, 52291.0)	(38.0, 745.0)						
SRR29920162_2	(14.0, 2.0)	(15.0, 17.0)	(16.0, 54.0)	(17.0, 54.0)	(18.0, 58.0)	(19.0, 81.0)	(20.0, 108.0)	(21.0, 166.0)	(22.0, 318.0)	(23.0, 669.0)	(24.0, 994.0)	(25.0, 1095.0)	(26.0, 1126.0)	(27.0, 1108.0)	(28.0, 1199.0)	(29.0, 1247.0)	(30.0, 1422.0)	(31.0, 1567.0)	(32.0, 1885.0)	(33.0, 2299.0)	(34.0, 3087.0)	(35.0, 4637.0)	(36.0, 9424.0)	(37.0, 44357.0)	(38.0, 20.0)	
SRR29920163_1	(19.0, 3.0)	(20.0, 22.0)	(21.0, 163.0)	(22.0, 336.0)	(23.0, 468.0)	(24.0, 574.0)	(25.0, 498.0)	(26.0, 499.0)	(27.0, 528.0)	(28.0, 619.0)	(29.0, 691.0)	(30.0, 769.0)	(31.0, 908.0)	(32.0, 1120.0)	(33.0, 1395.0)	(34.0, 1906.0)	(35.0, 2860.0)	(36.0, 4953.0)	(37.0, 40559.0)	(38.0, 1278.0)						
SRR29920163_2	(14.0, 1.0)	(15.0, 9.0)	(16.0, 32.0)	(17.0, 17.0)	(18.0, 28.0)	(19.0, 54.0)	(20.0, 69.0)	(21.0, 144.0)	(22.0, 227.0)	(23.0, 479.0)	(24.0, 731.0)	(25.0, 802.0)	(26.0, 823.0)	(27.0, 853.0)	(28.0, 879.0)	(29.0, 1018.0)	(30.0, 1066.0)	(31.0, 1213.0)	(32.0, 1409.0)	(33.0, 1702.0)	(34.0, 2256.0)	(35.0, 3409.0)	(36.0, 6912.0)	(37.0, 35962.0)	(38.0, 54.0)	
SRR29920164_1	(19.0, 7.0)	(20.0, 32.0)	(21.0, 113.0)	(22.0, 259.0)	(23.0, 353.0)	(24.0, 341.0)	(25.0, 372.0)	(26.0, 395.0)	(27.0, 393.0)	(28.0, 435.0)	(29.0, 481.0)	(30.0, 590.0)	(31.0, 702.0)	(32.0, 842.0)	(33.0, 1089.0)	(34.0, 1437.0)	(35.0, 2227.0)	(36.0, 3851.0)	(37.0, 30443.0)	(38.0, 203.0)						
SRR29920164_2	(15.0, 5.0)	(16.0, 11.0)	(17.0, 34.0)	(18.0, 32.0)	(19.0, 38.0)	(20.0, 64.0)	(21.0, 82.0)	(22.0, 175.0)	(23.0, 356.0)	(24.0, 526.0)	(25.0, 550.0)	(26.0, 639.0)	(27.0, 682.0)	(28.0, 739.0)	(29.0, 725.0)	(30.0, 790.0)	(31.0, 904.0)	(32.0, 1048.0)	(33.0, 1278.0)	(34.0, 1801.0)	(35.0, 2733.0)	(36.0, 6297.0)	(37.0, 25055.0)	(38.0, 1.0)		
SRR29920165_1	(18.0, 1.0)	(19.0, 12.0)	(20.0, 48.0)	(21.0, 256.0)	(22.0, 568.0)	(23.0, 658.0)	(24.0, 644.0)	(25.0, 644.0)	(26.0, 709.0)	(27.0, 656.0)	(28.0, 767.0)	(29.0, 835.0)	(30.0, 961.0)	(31.0, 1128.0)	(32.0, 1466.0)	(33.0, 1709.0)	(34.0, 2323.0)	(35.0, 3372.0)	(36.0, 5929.0)	(37.0, 49143.0)	(38.0, 797.0)					
SRR29920165_2	(15.0, 11.0)	(16.0, 34.0)	(17.0, 32.0)	(18.0, 44.0)	(19.0, 87.0)	(20.0, 133.0)	(21.0, 138.0)	(22.0, 336.0)	(23.0, 656.0)	(24.0, 932.0)	(25.0, 998.0)	(26.0, 1025.0)	(27.0, 1085.0)	(28.0, 1116.0)	(29.0, 1227.0)	(30.0, 1337.0)	(31.0, 1465.0)	(32.0, 1636.0)	(33.0, 2063.0)	(34.0, 2768.0)	(35.0, 4242.0)	(36.0, 8502.0)	(37.0, 42717.0)	(38.0, 42.0)		
SRR29920166_1	(18.0, 2.0)	(19.0, 3.0)	(20.0, 28.0)	(21.0, 140.0)	(22.0, 304.0)	(23.0, 356.0)	(24.0, 402.0)	(25.0, 401.0)	(26.0, 387.0)	(27.0, 374.0)	(28.0, 459.0)	(29.0, 472.0)	(30.0, 504.0)	(31.0, 665.0)	(32.0, 777.0)	(33.0, 980.0)	(34.0, 1290.0)	(35.0, 1844.0)	(36.0, 3510.0)	(37.0, 27938.0)	(38.0, 587.0)					
SRR29920166_2	(15.0, 4.0)	(16.0, 22.0)	(17.0, 21.0)	(18.0, 26.0)	(19.0, 36.0)	(20.0, 64.0)	(21.0, 93.0)	(22.0, 185.0)	(23.0, 362.0)	(24.0, 508.0)	(25.0, 583.0)	(26.0, 578.0)	(27.0, 589.0)	(28.0, 624.0)	(29.0, 666.0)	(30.0, 672.0)	(31.0, 844.0)	(32.0, 996.0)	(33.0, 1268.0)	(34.0, 1740.0)	(35.0, 2635.0)	(36.0, 5488.0)	(37.0, 23408.0)	(38.0, 11.0)		
SRR29920167_1	(19.0, 7.0)	(20.0, 37.0)	(21.0, 185.0)	(22.0, 422.0)	(23.0, 491.0)	(24.0, 510.0)	(25.0, 453.0)	(26.0, 497.0)	(27.0, 509.0)	(28.0, 488.0)	(29.0, 578.0)	(30.0, 697.0)	(31.0, 825.0)	(32.0, 964.0)	(33.0, 1166.0)	(34.0, 1596.0)	(35.0, 2292.0)	(36.0, 4094.0)	(37.0, 32118.0)	(38.0, 338.0)						
SRR29920167_2	(14.0, 1.0)	(15.0, 3.0)	(16.0, 31.0)	(17.0, 24.0)	(18.0, 27.0)	(19.0, 54.0)	(20.0, 86.0)	(21.0, 106.0)	(22.0, 218.0)	(23.0, 439.0)	(24.0, 619.0)	(25.0, 663.0)	(26.0, 693.0)	(27.0, 687.0)	(28.0, 766.0)	(29.0, 849.0)	(30.0, 829.0)	(31.0, 1009.0)	(32.0, 1156.0)	(33.0, 1407.0)	(34.0, 2001.0)	(35.0, 2919.0)	(36.0, 5468.0)	(37.0, 28156.0)	(38.0, 56.0)	
SRR29920168_1	(18.0, 1.0)	(19.0, 7.0)	(20.0, 44.0)	(21.0, 272.0)	(22.0, 545.0)	(23.0, 696.0)	(24.0, 660.0)	(25.0, 717.0)	(26.0, 790.0)	(27.0, 702.0)	(28.0, 774.0)	(29.0, 903.0)	(30.0, 1042.0)	(31.0, 1272.0)	(32.0, 1509.0)	(33.0, 1881.0)	(34.0, 2472.0)	(35.0, 3612.0)	(36.0, 6479.0)	(37.0, 52473.0)	(38.0, 525.0)					
SRR29920168_2	(13.0, 1.0)	(14.0, 1.0)	(15.0, 12.0)	(16.0, 40.0)	(17.0, 40.0)	(18.0, 53.0)	(19.0, 114.0)	(20.0, 163.0)	(21.0, 272.0)	(22.0, 554.0)	(23.0, 1005.0)	(24.0, 1390.0)	(25.0, 1335.0)	(26.0, 1329.0)	(27.0, 1323.0)	(28.0, 1335.0)	(29.0, 1402.0)	(30.0, 1642.0)	(31.0, 1789.0)	(32.0, 2103.0)	(33.0, 2598.0)	(34.0, 3506.0)	(35.0, 5371.0)	(36.0, 10113.0)	(37.0, 39863.0)	(38.0, 22.0)
SRR29920169_1	(17.0, 1.0)	(18.0, 2.0)	(19.0, 6.0)	(20.0, 39.0)	(21.0, 204.0)	(22.0, 431.0)	(23.0, 504.0)	(24.0, 542.0)	(25.0, 516.0)	(26.0, 500.0)	(27.0, 575.0)	(28.0, 642.0)	(29.0, 682.0)	(30.0, 899.0)	(31.0, 1005.0)	(32.0, 1190.0)	(33.0, 1484.0)	(34.0, 2131.0)	(35.0, 2827.0)	(36.0, 5283.0)	(37.0, 42354.0)	(38.0, 303.0)				
SRR29920169_2	(14.0, 1.0)	(15.0, 12.0)	(16.0, 38.0)	(17.0, 25.0)	(18.0, 52.0)	(19.0, 59.0)	(20.0, 114.0)	(21.0, 163.0)	(22.0, 358.0)	(23.0, 735.0)	(24.0, 971.0)	(25.0, 995.0)	(26.0, 937.0)	(27.0, 994.0)	(28.0, 966.0)	(29.0, 1089.0)	(30.0, 1207.0)	(31.0, 1341.0)	(32.0, 1596.0)	(33.0, 1986.0)	(34.0, 2684.0)	(35.0, 4150.0)	(36.0, 8077.0)	(37.0, 33549.0)	(38.0, 21.0)	
SRR29920170_1	(17.0, 1.0)	(18.0, 1.0)	(19.0, 8.0)	(20.0, 41.0)	(21.0, 188.0)	(22.0, 377.0)	(23.0, 470.0)	(24.0, 496.0)	(25.0, 496.0)	(26.0, 513.0)	(27.0, 507.0)	(28.0, 509.0)	(29.0, 610.0)	(30.0, 775.0)	(31.0, 873.0)	(32.0, 1058.0)	(33.0, 1277.0)	(34.0, 1746.0)	(35.0, 2457.0)	(36.0, 4339.0)	(37.0, 37018.0)	(38.0, 617.0)				
SRR29920170_2	(14.0, 2.0)	(15.0, 13.0)	(16.0, 35.0)	(17.0, 59.0)	(18.0, 66.0)	(19.0, 103.0)	(20.0, 155.0)	(21.0, 227.0)	(22.0, 471.0)	(23.0, 896.0)	(24.0, 1066.0)	(25.0, 1000.0)	(26.0, 949.0)	(27.0, 934.0)	(28.0, 960.0)	(29.0, 1071.0)	(30.0, 1126.0)	(31.0, 1339.0)	(32.0, 1500.0)	(33.0, 1925.0)	(34.0, 2578.0)	(35.0, 3723.0)	(36.0, 7465.0)	(37.0, 26709.0)	(38.0, 5.0)	
SRR29920171_1	(19.0, 11.0)	(20.0, 27.0)	(21.0, 206.0)	(22.0, 372.0)	(23.0, 520.0)	(24.0, 574.0)	(25.0, 510.0)	(26.0, 489.0)	(27.0, 555.0)	(28.0, 604.0)	(29.0, 658.0)	(30.0, 862.0)	(31.0, 950.0)	(32.0, 1207.0)	(33.0, 1543.0)	(34.0, 2028.0)	(35.0, 2891.0)	(36.0, 5155.0)	(37.0, 40978.0)	(38.0, 401.0)						
SRR29920171_2	(13.0, 2.0)	(14.0, 1.0)	(15.0, 5.0)	(16.0, 28.0)	(17.0, 39.0)	(18.0, 39.0)	(19.0, 64.0)	(20.0, 90.0)	(21.0, 163.0)	(22.0, 281.0)	(23.0, 567.0)	(24.0, 800.0)	(25.0, 882.0)	(26.0, 861.0)	(27.0, 899.0)	(28.0, 979.0)	(29.0, 1009.0)	(30.0, 1139.0)	(31.0, 1235.0)	(32.0, 1411.0)	(33.0, 1866.0)	(34.0, 2439.0)	(35.0, 3720.0)	(36.0, 7225.0)	(37.0, 34786.0)	(38.0, 11.0)
SRR29920172_1	(16.0, 1.0)	(17.0, 0.0)	(18.0, 2.0)	(19.0, 15.0)	(20.0, 42.0)	(21.0, 207.0)	(22.0, 458.0)	(23.0, 567.0)	(24.0, 545.0)	(25.0, 544.0)	(26.0, 541.0)	(27.0, 540.0)	(28.0, 597.0)	(29.0, 643.0)	(30.0, 758.0)	(31.0, 879.0)	(32.0, 1040.0)	(33.0, 1244.0)	(34.0, 1683.0)	(35.0, 2403.0)	(36.0, 4557.0)	(37.0, 38589.0)	(38.0, 332.0)			
SRR29920172_2	(14.0, 1.0)	(15.0, 9.0)	(16.0, 28.0)	(17.0, 36.0)	(18.0, 39.0)	(19.0, 45.0)	(20.0, 97.0)	(21.0, 125.0)	(22.0, 236.0)	(23.0, 520.0)	(24.0, 791.0)	(25.0, 808.0)	(26.0, 792.0)	(27.0, 843.0)	(28.0, 914.0)	(29.0, 850.0)	(30.0, 968.0)	(31.0, 1086.0)	(32.0, 1198.0)	(33.0, 1521.0)	(34.0, 2044.0)	(35.0, 2970.0)	(36.0, 6179.0)	(37.0, 34017.0)	(38.0, 70.0)	
SRR29920173_1	(18.0, 2.0)	(19.0, 9.0)	(20.0, 40.0)	(21.0, 167.0)	(22.0, 423.0)	(23.0, 493.0)	(24.0, 490.0)	(25.0, 472.0)	(26.0, 486.0)	(27.0, 509.0)	(28.0, 523.0)	(29.0, 575.0)	(30.0, 693.0)	(31.0, 835.0)	(32.0, 1002.0)	(33.0, 1225.0)	(34.0, 1706.0)	(35.0, 2371.0)	(36.0, 4345.0)	(37.0, 37974.0)	(38.0, 184.0)					
SRR29920173_2	(14.0, 4.0)	(15.0, 12.0)	(16.0, 25.0)	(17.0, 32.0)	(18.0, 30.0)	(19.0, 35.0)	(20.0, 81.0)	(21.0, 121.0)	(22.0, 206.0)	(23.0, 440.0)	(24.0, 686.0)	(25.0, 699.0)	(26.0, 740.0)	(27.0, 805.0)	(28.0, 799.0)	(29.0, 882.0)	(30.0, 977.0)	(31.0, 1036.0)	(32.0, 1258.0)	(33.0, 1390.0)	(34.0, 1984.0)	(35.0, 3053.0)	(36.0, 6396.0)	(37.0, 32803.0)	(38.0, 30.0)	
SRR29920174_1	(18.0, 2.0)	(19.0, 6.0)	(20.0, 26.0)	(21.0, 164.0)	(22.0, 343.0)	(23.0, 419.0)	(24.0, 399.0)	(25.0, 394.0)	(26.0, 371.0)	(27.0, 407.0)	(28.0, 417.0)	(29.0, 516.0)	(30.0, 550.0)	(31.0, 718.0)	(32.0, 883.0)	(33.0, 1114.0)	(34.0, 1440.0)	(35.0, 2153.0)	(36.0, 3741.0)	(37.0, 28833.0)	(38.0, 199.0)					
SRR29920174_2	(14.0, 2.0)	(15.0, 4.0)	(16.0, 21.0)	(17.0, 25.0)	(18.0, 45.0)	(19.0, 71.0)	(20.0, 123.0)	(21.0, 155.0)	(22.0, 358.0)	(23.0, 652.0)	(24.0, 816.0)	(25.0, 760.0)	(26.0, 782.0)	(27.0, 776.0)	(28.0, 784.0)	(29.0, 808.0)	(30.0, 855.0)	(31.0, 982.0)	(32.0, 1161.0)	(33.0, 1529.0)	(34.0, 2029.0)	(35.0, 3026.0)	(36.0, 6268.0)	(37.0, 21062.0)	(38.0, 1.0)	
SRR29920175_1	(18.0, 2.0)	(19.0, 12.0)	(20.0, 46.0)	(21.0, 174.0)	(22.0, 398.0)	(23.0, 504.0)	(24.0, 515.0)	(25.0, 503.0)	(26.0, 555.0)	(27.0, 507.0)	(28.0, 567.0)	(29.0, 629.0)	(30.0, 734.0)	(31.0, 915.0)	(32.0, 1141.0)	(33.0, 1387.0)	(34.0, 1930.0)	(35.0, 2742.0)	(36.0, 4931.0)	(37.0, 38871.0)	(38.0, 435.0)					
SRR29920175_2	(14.0, 1.0)	(15.0, 9.0)	(16.0, 35.0)	(17.0, 31.0)	(18.0, 38.0)	(19.0, 77.0)	(20.0, 88.0)	(21.0, 133.0)	(22.0, 265.0)	(23.0, 461.0)	(24.0, 761.0)	(25.0, 839.0)	(26.0, 855.0)	(27.0, 952.0)	(28.0, 891.0)	(29.0, 974.0)	(30.0, 1064.0)	(31.0, 1137.0)	(32.0, 1261.0)	(33.0, 1639.0)	(34.0, 2282.0)	(35.0, 3371.0)	(36.0, 6878.0)	(37.0, 33448.0)	(38.0, 8.0)	
SRR29920176_1	(18.0, 1.0)	(19.0, 6.0)	(20.0, 46.0)	(21.0, 197.0)	(22.0, 451.0)	(23.0, 484.0)	(24.0, 521.0)	(25.0, 515.0)	(26.0, 504.0)	(27.0, 511.0)	(28.0, 561.0)	(29.0, 646.0)	(30.0, 743.0)	(31.0, 893.0)	(32.0, 1102.0)	(33.0, 1366.0)	(34.0, 1740.0)	(35.0, 2593.0)	(36.0, 4818.0)	(37.0, 36557.0)	(38.0, 293.0)					
SRR29920176_2	(13.0, 1.0)	(14.0, 2.0)	(15.0, 5.0)	(16.0, 29.0)	(17.0, 23.0)	(18.0, 36.0)	(19.0, 72.0)	(20.0, 103.0)	(21.0, 132.0)	(22.0, 277.0)	(23.0, 621.0)	(24.0, 859.0)	(25.0, 839.0)	(26.0, 840.0)	(27.0, 849.0)	(28.0, 907.0)	(29.0, 957.0)	(30.0, 1011.0)	(31.0, 1155.0)	(32.0, 1340.0)	(33.0, 1798.0)	(34.0, 2410.0)	(35.0, 3606.0)	(36.0, 6638.0)	(37.0, 30024.0)	(38.0, 14.0)
SRR29920177_1	(19.0, 4.0)	(20.0, 32.0)	(21.0, 137.0)	(22.0, 287.0)	(23.0, 331.0)	(24.0, 319.0)	(25.0, 347.0)	(26.0, 353.0)	(27.0, 346.0)	(28.0, 395.0)	(29.0, 460.0)	(30.0, 534.0)	(31.0, 592.0)	(32.0, 756.0)	(33.0, 926.0)	(34.0, 1254.0)	(35.0, 1748.0)	(36.0, 3159.0)	(37.0, 26865.0)	(38.0, 130.0)						
SRR29920177_2	(15.0, 1.0)	(16.0, 13.0)	(17.0, 10.0)	(18.0, 15.0)	(19.0, 42.0)	(20.0, 66.0)	(21.0, 92.0)	(22.0, 171.0)	(23.0, 375.0)	(24.0, 581.0)	(25.0, 601.0)	(26.0, 588.0)	(27.0, 680.0)	(28.0, 668.0)	(29.0, 616.0)	(30.0, 729.0)	(31.0, 853.0)	(32.0, 924.0)	(33.0, 1087.0)	(34.0, 1593.0)	(35.0, 2465.0)	(36.0, 5178.0)	(37.0, 21613.0)	(38.0, 14.0)		
SRR29920178_1	(19.0, 2.0)	(20.0, 17.0)	(21.0, 127.0)	(22.0, 284.0)	(23.0, 349.0)	(24.0, 340.0)	(25.0, 350.0)	(26.0, 405.0)	(27.0, 368.0)	(28.0, 423.0)	(29.0, 491.0)	(30.0, 566.0)	(31.0, 674.0)	(32.0, 751.0)	(33.0, 976.0)	(34.0, 1309.0)	(35.0, 1969.0)	(36.0, 3628.0)	(37.0, 29076.0)	(38.0, 165.0)						
SRR29920178_2	(13.0, 1.0)	(14.0, 2.0)	(15.0, 6.0)	(16.0, 26.0)	(17.0, 26.0)	(18.0, 29.0)	(19.0, 30.0)	(20.0, 59.0)	(21.0, 75.0)	(22.0, 173.0)	(23.0, 358.0)	(24.0, 492.0)	(25.0, 508.0)	(26.0, 535.0)	(27.0, 563.0)	(28.0, 607.0)	(29.0, 688.0)	(30.0, 773.0)	(31.0, 851.0)	(32.0, 998.0)	(33.0, 1192.0)	(34.0, 1783.0)	(35.0, 2680.0)	(36.0, 4672.0)	(37.0, 25050.0)	(38.0, 93.0)
SRR29920179_1	(18.0, 3.0)	(19.0, 4.0)	(20.0, 36.0)	(21.0, 210.0)	(22.0, 445.0)	(23.0, 531.0)	(24.0, 459.0)	(25.0, 451.0)	(26.0, 475.0)	(27.0, 446.0)	(28.0, 533.0)	(29.0, 598.0)	(30.0, 689.0)	(31.0, 842.0)	(32.0, 943.0)	(33.0, 1217.0)	(34.0, 1514.0)	(35.0, 2327.0)	(36.0, 3960.0)	(37.0, 35676.0)	(38.0, 271.0)					
SRR29920179_2	(14.0, 2.0)	(15.0, 13.0)	(16.0, 25.0)	(17.0, 43.0)	(18.0, 46.0)	(19.0, 55.0)	(20.0, 82.0)	(21.0, 122.0)	(22.0, 250.0)	(23.0, 545.0)	(24.0, 651.0)	(25.0, 728.0)	(26.0, 742.0)	(27.0, 733.0)	(28.0, 773.0)	(29.0, 849.0)	(30.0, 893.0)	(31.0, 1050.0)	(32.0, 1136.0)	(33.0, 1494.0)	(34.0, 2002.0)	(35.0, 3032.0)	(36.0, 5654.0)	(37.0, 30657.0)	(38.0, 53.0)	
SRR29920180_1	(19.0, 1.0)	(20.0, 30.0)	(21.0, 197.0)	(22.0, 425.0)	(23.0, 480.0)	(24.0, 557.0)	(25.0, 531.0)	(26.0, 542.0)	(27.0, 560.0)	(28.0, 605.0)	(29.0, 698.0)	(30.0, 832.0)	(31.0, 979.0)	(32.0, 1165.0)	(33.0, 1469.0)	(34.0, 2038.0)	(35.0, 2981.0)	(36.0, 5419.0)	(37.0, 44077.0)	(38.0, 246.0)						
SRR29920180_2	(15.0, 8.0)	(16.0, 14.0)	(17.0, 29.0)	(18.0, 38.0)	(19.0, 42.0)	(20.0, 90.0)	(21.0, 146.0)	(22.0, 243.0)	(23.0, 471.0)	(24.0, 747.0)	(25.0, 839.0)	(26.0, 876.0)	(27.0, 987.0)	(28.0, 1025.0)	(29.0, 1121.0)	(30.0, 1177.0)	(31.0, 1297.0)	(32.0, 1494.0)	(33.0, 1884.0)	(34.0, 2694.0)	(35.0, 4243.0)	(36.0, 7165.0)	(37.0, 37038.0)	(38.0, 164.0)		
SRR29920181_1	(19.0, 4.0)	(20.0, 28.0)	(21.0, 131.0)	(22.0, 292.0)	(23.0, 355.0)	(24.0, 395.0)	(25.0, 397.0)	(26.0, 421.0)	(27.0, 436.0)	(28.0, 425.0)	(29.0, 549.0)	(30.0, 601.0)	(31.0, 742.0)	(32.0, 840.0)	(33.0, 1045.0)	(34.0, 1511.0)	(35.0, 2118.0)	(36.0, 3889.0)	(37.0, 31121.0)	(38.0, 445.0)						
SRR29920181_2	(15.0, 1.0)	(16.0, 18.0)	(17.0, 19.0)	(18.0, 24.0)	(19.0, 43.0)	(20.0, 83.0)	(21.0, 97.0)	(22.0, 225.0)	(23.0, 405.0)	(24.0, 604.0)	(25.0, 704.0)	(26.0, 684.0)	(27.0, 821.0)	(28.0, 765.0)	(29.0, 821.0)	(30.0, 848.0)	(31.0, 921.0)	(32.0, 1098.0)	(33.0, 1390.0)	(34.0, 1841.0)	(35.0, 2944.0)	(36.0, 6139.0)	(37.0, 25243.0)	(38.0, 7.0)		
SRR29920182_1	(18.0, 2.0)	(19.0, 3.0)	(20.0, 48.0)	(21.0, 280.0)	(22.0, 635.0)	(23.0, 686.0)	(24.0, 740.0)	(25.0, 773.0)	(26.0, 826.0)	(27.0, 881.0)	(28.0, 813.0)	(29.0, 1017.0)	(30.0, 1210.0)	(31.0, 1427.0)	(32.0, 1688.0)	(33.0, 2222.0)	(34.0, 2994.0)	(35.0, 4387.0)	(36.0, 7727.0)	(37.0, 61338.0)	(38.0, 1227.0)					
SRR29920182_2	(14.0, 1.0)	(15.0, 8.0)	(16.0, 32.0)	(17.0, 47.0)	(18.0, 46.0)	(19.0, 102.0)	(20.0, 96.0)	(21.0, 213.0)	(22.0, 391.0)	(23.0, 756.0)	(24.0, 1183.0)	(25.0, 1250.0)	(26.0, 1300.0)	(27.0, 1258.0)	(28.0, 1348.0)	(29.0, 1550.0)	(30.0, 1581.0)	(31.0, 1891.0)	(32.0, 2144.0)	(33.0, 2662.0)	(34.0, 3732.0)	(35.0, 5859.0)	(36.0, 12719.0)	(37.0, 50747.0)	(38.0, 8.0)	
SRR29920183_1	(17.0, 1.0)	(18.0, 0.0)	(19.0, 1.0)	(20.0, 29.0)	(21.0, 119.0)	(22.0, 300.0)	(23.0, 344.0)	(24.0, 395.0)	(25.0, 421.0)	(26.0, 454.0)	(27.0, 468.0)	(28.0, 526.0)	(29.0, 550.0)	(30.0, 618.0)	(31.0, 847.0)	(32.0, 1020.0)	(33.0, 1303.0)	(34.0, 1703.0)	(35.0, 2592.0)	(36.0, 4337.0)	(37.0, 37376.0)	(38.0, 1465.0)				
SRR29920183_2	(14.0, 2.0)	(15.0, 1.0)	(16.0, 21.0)	(17.0, 23.0)	(18.0, 38.0)	(19.0, 54.0)	(20.0, 79.0)	(21.0, 112.0)	(22.0, 148.0)	(23.0, 306.0)	(24.0, 525.0)	(25.0, 609.0)	(26.0, 656.0)	(27.0, 684.0)	(28.0, 797.0)	(29.0, 862.0)	(30.0, 905.0)	(31.0, 1002.0)	(32.0, 1165.0)	(33.0, 1500.0)	(34.0, 1962.0)	(35.0, 3094.0)	(36.0, 6539.0)	(37.0, 33771.0)	(38.0, 14.0)	
SRR29920184_1	(18.0, 1.0)	(19.0, 5.0)	(20.0, 25.0)	(21.0, 151.0)	(22.0, 292.0)	(23.0, 364.0)	(24.0, 417.0)	(25.0, 421.0)	(26.0, 414.0)	(27.0, 468.0)	(28.0, 507.0)	(29.0, 566.0)	(30.0, 707.0)	(31.0, 860.0)	(32.0, 920.0)	(33.0, 1254.0)	(34.0, 1588.0)	(35.0, 2393.0)	(36.0, 4110.0)	(37.0, 33974.0)	(38.0, 282.0)					
SRR29920184_2	(14.0, 1.0)	(15.0, 6.0)	(16.0, 28.0)	(17.0, 29.0)	(18.0, 43.0)	(19.0, 57.0)	(20.0, 92.0)	(21.0, 122.0)	(22.0, 242.0)	(23.0, 466.0)	(24.0, 608.0)	(25.0, 728.0)	(26.0, 715.0)	(27.0, 779.0)	(28.0, 852.0)	(29.0, 884.0)	(30.0, 936.0)	(31.0, 1055.0)	(32.0, 1234.0)	(33.0, 1483.0)	(34.0, 1955.0)	(35.0, 2936.0)	(36.0, 5763.0)	(37.0, 28682.0)	(38.0, 23.0)	
SRR29920185_1	(18.0, 2.0)	(19.0, 0.0)	(20.0, 27.0)	(21.0, 154.0)	(22.0, 324.0)	(23.0, 395.0)	(24.0, 436.0)	(25.0, 475.0)	(26.0, 430.0)	(27.0, 499.0)	(28.0, 497.0)	(29.0, 572.0)	(30.0, 751.0)	(31.0, 784.0)	(32.0, 977.0)	(33.0, 1173.0)	(34.0, 1781.0)	(35.0, 2526.0)	(36.0, 4469.0)	(37.0, 35004.0)	(38.0, 694.0)					
SRR29920185_2	(14.0, 1.0)	(15.0, 6.0)	(16.0, 44.0)	(17.0, 31.0)	(18.0, 47.0)	(19.0, 59.0)	(20.0, 86.0)	(21.0, 111.0)	(22.0, 233.0)	(23.0, 488.0)	(24.0, 711.0)	(25.0, 775.0)	(26.0, 764.0)	(27.0, 812.0)	(28.0, 835.0)	(29.0, 936.0)	(30.0, 1009.0)	(31.0, 1090.0)	(32.0, 1263.0)	(33.0, 1479.0)	(34.0, 2059.0)	(35.0, 3246.0)	(36.0, 6425.0)	(37.0, 29448.0)	(38.0, 12.0)	
SRR29920186_1	(19.0, 6.0)	(20.0, 42.0)	(21.0, 183.0)	(22.0, 424.0)	(23.0, 538.0)	(24.0, 594.0)	(25.0, 523.0)	(26.0, 529.0)	(27.0, 575.0)	(28.0, 598.0)	(29.0, 651.0)	(30.0, 743.0)	(31.0, 832.0)	(32.0, 1038.0)	(33.0, 1300.0)	(34.0, 1741.0)	(35.0, 2506.0)	(36.0, 4554.0)	(37.0, 37138.0)	(38.0, 323.0)						
SRR29920186_2	(14.0, 2.0)	(15.0, 13.0)	(16.0, 19.0)	(17.0, 28.0)	(18.0, 43.0)	(19.0, 58.0)	(20.0, 87.0)	(21.0, 128.0)	(22.0, 251.0)	(23.0, 516.0)	(24.0, 826.0)	(25.0, 799.0)	(26.0, 790.0)	(27.0, 855.0)	(28.0, 821.0)	(29.0, 942.0)	(30.0, 1041.0)	(31.0, 1157.0)	(32.0, 1326.0)	(33.0, 1602.0)	(34.0, 2235.0)	(35.0, 3673.0)	(36.0, 8516.0)	(37.0, 29105.0)	(38.0, 5.0)	
SRR29920187_1	(19.0, 4.0)	(20.0, 33.0)	(21.0, 171.0)	(22.0, 405.0)	(23.0, 477.0)	(24.0, 562.0)	(25.0, 586.0)	(26.0, 590.0)	(27.0, 632.0)	(28.0, 607.0)	(29.0, 738.0)	(30.0, 889.0)	(31.0, 1050.0)	(32.0, 1242.0)	(33.0, 1517.0)	(34.0, 2131.0)	(35.0, 3233.0)	(36.0, 5536.0)	(37.0, 42424.0)	(38.0, 324.0)						
SRR29920187_2	(13.0, 1.0)	(14.0, 1.0)	(15.0, 11.0)	(16.0, 34.0)	(17.0, 38.0)	(18.0, 40.0)	(19.0, 45.0)	(20.0, 93.0)	(21.0, 142.0)	(22.0, 219.0)	(23.0, 453.0)	(24.0, 679.0)	(25.0, 792.0)	(26.0, 879.0)	(27.0, 839.0)	(28.0, 980.0)	(29.0, 1036.0)	(30.0, 1178.0)	(31.0, 1338.0)	(32.0, 1543.0)	(33.0, 1838.0)	(34.0, 2490.0)	(35.0, 3874.0)	(36.0, 7828.0)	(37.0, 36744.0)	(38.0, 36.0)
SRR29920188_1	(19.0, 4.0)	(20.0, 27.0)	(21.0, 170.0)	(22.0, 363.0)	(23.0, 457.0)	(24.0, 526.0)	(25.0, 544.0)	(26.0, 617.0)	(27.0, 551.0)	(28.0, 586.0)	(29.0, 740.0)	(30.0, 860.0)	(31.0, 1050.0)	(32.0, 1210.0)	(33.0, 1572.0)	(34.0, 2153.0)	(35.0, 3106.0)	(36.0, 5784.0)	(37.0, 42257.0)	(38.0, 717.0)						
SRR29920188_2	(14.0, 1.0)	(15.0, 9.0)	(16.0, 32.0)	(17.0, 37.0)	(18.0, 44.0)	(19.0, 45.0)	(20.0, 89.0)	(21.0, 120.0)	(22.0, 227.0)	(23.0, 457.0)	(24.0, 705.0)	(25.0, 812.0)	(26.0, 992.0)	(27.0, 964.0)	(28.0, 1090.0)	(29.0, 1186.0)	(30.0, 1234.0)	(31.0, 1317.0)	(32.0, 1578.0)	(33.0, 1998.0)	(34.0, 2714.0)	(35.0, 4225.0)	(36.0, 7986.0)	(37.0, 35412.0)	(38.0, 20.0)	
SRR29920189_1	(15.0, 1.0)	(16.0, 0.0)	(17.0, 0.0)	(18.0, 1.0)	(19.0, 11.0)	(20.0, 48.0)	(21.0, 220.0)	(22.0, 407.0)	(23.0, 575.0)	(24.0, 521.0)	(25.0, 546.0)	(26.0, 533.0)	(27.0, 552.0)	(28.0, 581.0)	(29.0, 739.0)	(30.0, 899.0)	(31.0, 1021.0)	(32.0, 1260.0)	(33.0, 1581.0)	(34.0, 2049.0)	(35.0, 3077.0)	(36.0, 5602.0)	(37.0, 37412.0)	(38.0, 423.0)		
SRR29920189_2	(13.0, 3.0)	(14.0, 3.0)	(15.0, 16.0)	(16.0, 51.0)	(17.0, 45.0)	(18.0, 42.0)	(19.0, 90.0)	(20.0, 145.0)	(21.0, 207.0)	(22.0, 430.0)	(23.0, 820.0)	(24.0, 1039.0)	(25.0, 1033.0)	(26.0, 1046.0)	(27.0, 1037.0)	(28.0, 1121.0)	(29.0, 1186.0)	(30.0, 1341.0)	(31.0, 1564.0)	(32.0, 1828.0)	(33.0, 2375.0)	(34.0, 3199.0)	(35.0, 4810.0)	(36.0, 7963.0)	(37.0, 26627.0)	(38.0, 38.0)
SRR29920190_1	(17.0, 1.0)	(18.0, 0.0)	(19.0, 8.0)	(20.0, 42.0)	(21.0, 153.0)	(22.0, 433.0)	(23.0, 544.0)	(24.0, 608.0)	(25.0, 642.0)	(26.0, 667.0)	(27.0, 728.0)	(28.0, 737.0)	(29.0, 837.0)	(30.0, 1020.0)	(31.0, 1298.0)	(32.0, 1474.0)	(33.0, 1918.0)	(34.0, 2686.0)	(35.0, 4018.0)	(36.0, 6892.0)	(37.0, 51201.0)	(38.0, 1394.0)				
SRR29920190_2	(14.0, 3.0)	(15.0, 12.0)	(16.0, 46.0)	(17.0, 57.0)	(18.0, 59.0)	(19.0, 73.0)	(20.0, 103.0)	(21.0, 182.0)	(22.0, 335.0)	(23.0, 617.0)	(24.0, 871.0)	(25.0, 1031.0)	(26.0, 1105.0)	(27.0, 1131.0)	(28.0, 1270.0)	(29.0, 1411.0)	(30.0, 1509.0)	(31.0, 1734.0)	(32.0, 2026.0)	(33.0, 2538.0)	(34.0, 3518.0)	(35.0, 5574.0)	(36.0, 10905.0)	(37.0, 41182.0)	(38.0, 9.0)	
SRR29920191_1	(19.0, 1.0)	(20.0, 22.0)	(21.0, 141.0)	(22.0, 292.0)	(23.0, 378.0)	(24.0, 409.0)	(25.0, 345.0)	(26.0, 412.0)	(27.0, 437.0)	(28.0, 447.0)	(29.0, 534.0)	(30.0, 612.0)	(31.0, 683.0)	(32.0, 899.0)	(33.0, 1104.0)	(34.0, 1576.0)	(35.0, 2102.0)	(36.0, 3774.0)	(37.0, 32558.0)	(38.0, 919.0)						
SRR29920191_2	(14.0, 2.0)	(15.0, 10.0)	(16.0, 27.0)	(17.0, 34.0)	(18.0, 21.0)	(19.0, 43.0)	(20.0, 76.0)	(21.0, 105.0)	(22.0, 187.0)	(23.0, 362.0)	(24.0, 571.0)	(25.0, 608.0)	(26.0, 675.0)	(27.0, 662.0)	(28.0, 745.0)	(29.0, 734.0)	(30.0, 845.0)	(31.0, 846.0)	(32.0, 1121.0)	(33.0, 1503.0)	(34.0, 1903.0)	(35.0, 2979.0)	(36.0, 6025.0)	(37.0, 27558.0)	(38.0, 3.0)	
SRR29920192_1	(18.0, 1.0)	(19.0, 5.0)	(20.0, 28.0)	(21.0, 161.0)	(22.0, 336.0)	(23.0, 425.0)	(24.0, 425.0)	(25.0, 418.0)	(26.0, 427.0)	(27.0, 410.0)	(28.0, 462.0)	(29.0, 531.0)	(30.0, 671.0)	(31.0, 769.0)	(32.0, 942.0)	(33.0, 1169.0)	(34.0, 1531.0)	(35.0, 2284.0)	(36.0, 4062.0)	(37.0, 32846.0)	(38.0, 522.0)					
SRR29920192_2	(14.0, 1.0)	(15.0, 12.0)	(16.0, 33.0)	(17.0, 24.0)	(18.0, 27.0)	(19.0, 57.0)	(20.0, 75.0)	(21.0, 100.0)	(22.0, 186.0)	(23.0, 432.0)	(24.0, 582.0)	(25.0, 615.0)	(26.0, 664.0)	(27.0, 788.0)	(28.0, 777.0)	(29.0, 808.0)	(30.0, 876.0)	(31.0, 947.0)	(32.0, 1180.0)	(33.0, 1439.0)	(34.0, 2038.0)	(35.0, 3127.0)	(36.0, 5910.0)	(37.0, 27698.0)	(38.0, 29.0)	
SRR29920193_1	(18.0, 1.0)	(19.0, 4.0)	(20.0, 38.0)	(21.0, 220.0)	(22.0, 482.0)	(23.0, 551.0)	(24.0, 523.0)	(25.0, 561.0)	(26.0, 524.0)	(27.0, 555.0)	(28.0, 579.0)	(29.0, 618.0)	(30.0, 766.0)	(31.0, 899.0)	(32.0, 1103.0)	(33.0, 1450.0)	(34.0, 1843.0)	(35.0, 2753.0)	(36.0, 5014.0)	(37.0, 34317.0)	(38.0, 190.0)					
SRR29920193_2	(14.0, 2.0)	(15.0, 8.0)	(16.0, 29.0)	(17.0, 49.0)	(18.0, 44.0)	(19.0, 58.0)	(20.0, 89.0)	(21.0, 141.0)	(22.0, 318.0)	(23.0, 598.0)	(24.0, 848.0)	(25.0, 758.0)	(26.0, 824.0)	(27.0, 832.0)	(28.0, 943.0)	(29.0, 939.0)	(30.0, 1010.0)	(31.0, 1188.0)	(32.0, 1383.0)	(33.0, 1785.0)	(34.0, 2474.0)	(35.0, 3742.0)	(36.0, 6465.0)	(37.0, 28397.0)	(38.0, 67.0)	
SRR29920194_1	(18.0, 1.0)	(19.0, 2.0)	(20.0, 32.0)	(21.0, 183.0)	(22.0, 369.0)	(23.0, 511.0)	(24.0, 514.0)	(25.0, 513.0)	(26.0, 580.0)	(27.0, 545.0)	(28.0, 593.0)	(29.0, 658.0)	(30.0, 784.0)	(31.0, 981.0)	(32.0, 1194.0)	(33.0, 1440.0)	(34.0, 2003.0)	(35.0, 2783.0)	(36.0, 5338.0)	(37.0, 37993.0)	(38.0, 323.0)					
SRR29920194_2	(14.0, 3.0)	(15.0, 4.0)	(16.0, 36.0)	(17.0, 43.0)	(18.0, 60.0)	(19.0, 87.0)	(20.0, 137.0)	(21.0, 179.0)	(22.0, 402.0)	(23.0, 832.0)	(24.0, 1093.0)	(25.0, 1000.0)	(26.0, 1001.0)	(27.0, 1041.0)	(28.0, 1173.0)	(29.0, 1177.0)	(30.0, 1277.0)	(31.0, 1555.0)	(32.0, 1858.0)	(33.0, 2342.0)	(34.0, 3420.0)	(35.0, 4963.0)	(36.0, 8332.0)	(37.0, 25318.0)	(38.0, 7.0)	
SRR29920195_1	(18.0, 1.0)	(19.0, 11.0)	(20.0, 35.0)	(21.0, 200.0)	(22.0, 466.0)	(23.0, 579.0)	(24.0, 588.0)	(25.0, 563.0)	(26.0, 670.0)	(27.0, 633.0)	(28.0, 669.0)	(29.0, 738.0)	(30.0, 932.0)	(31.0, 1153.0)	(32.0, 1319.0)	(33.0, 1717.0)	(34.0, 2253.0)	(35.0, 3419.0)	(36.0, 6152.0)	(37.0, 44015.0)	(38.0, 552.0)					
SRR29920195_2	(14.0, 2.0)	(15.0, 9.0)	(16.0, 35.0)	(17.0, 62.0)	(18.0, 52.0)	(19.0, 99.0)	(20.0, 126.0)	(21.0, 195.0)	(22.0, 396.0)	(23.0, 819.0)	(24.0, 1000.0)	(25.0, 1036.0)	(26.0, 1138.0)	(27.0, 1131.0)	(28.0, 1187.0)	(29.0, 1228.0)	(30.0, 1460.0)	(31.0, 1710.0)	(32.0, 2082.0)	(33.0, 2605.0)	(34.0, 3668.0)	(35.0, 5723.0)	(36.0, 9509.0)	(37.0, 31386.0)	(38.0, 7.0)	
SRR29920196_1	(18.0, 3.0)	(19.0, 14.0)	(20.0, 54.0)	(21.0, 205.0)	(22.0, 454.0)	(23.0, 535.0)	(24.0, 612.0)	(25.0, 571.0)	(26.0, 624.0)	(27.0, 601.0)	(28.0, 673.0)	(29.0, 749.0)	(30.0, 985.0)	(31.0, 1113.0)	(32.0, 1345.0)	(33.0, 1628.0)	(34.0, 2162.0)	(35.0, 3199.0)	(36.0, 5758.0)	(37.0, 41813.0)	(38.0, 413.0)					
SRR29920196_2	(14.0, 1.0)	(15.0, 6.0)	(16.0, 31.0)	(17.0, 34.0)	(18.0, 53.0)	(19.0, 73.0)	(20.0, 117.0)	(21.0, 172.0)	(22.0, 349.0)	(23.0, 626.0)	(24.0, 894.0)	(25.0, 950.0)	(26.0, 967.0)	(27.0, 1013.0)	(28.0, 1102.0)	(29.0, 1126.0)	(30.0, 1235.0)	(31.0, 1427.0)	(32.0, 1679.0)	(33.0, 2122.0)	(34.0, 2887.0)	(35.0, 4576.0)	(36.0, 8474.0)	(37.0, 33580.0)	(38.0, 17.0)	
SRR29920197_1	(19.0, 9.0)	(20.0, 43.0)	(21.0, 208.0)	(22.0, 445.0)	(23.0, 588.0)	(24.0, 535.0)	(25.0, 596.0)	(26.0, 556.0)	(27.0, 582.0)	(28.0, 616.0)	(29.0, 724.0)	(30.0, 856.0)	(31.0, 1010.0)	(32.0, 1133.0)	(33.0, 1483.0)	(34.0, 2077.0)	(35.0, 2896.0)	(36.0, 5176.0)	(37.0, 41619.0)	(38.0, 967.0)						
SRR29920197_2	(15.0, 6.0)	(16.0, 39.0)	(17.0, 46.0)	(18.0, 59.0)	(19.0, 89.0)	(20.0, 89.0)	(21.0, 144.0)	(22.0, 230.0)	(23.0, 589.0)	(24.0, 776.0)	(25.0, 894.0)	(26.0, 828.0)	(27.0, 956.0)	(28.0, 951.0)	(29.0, 1028.0)	(30.0, 1111.0)	(31.0, 1206.0)	(32.0, 1421.0)	(33.0, 1756.0)	(34.0, 2590.0)	(35.0, 3855.0)	(36.0, 7213.0)	(37.0, 36226.0)	(38.0, 17.0)		
SRR29920198_1	(19.0, 9.0)	(20.0, 39.0)	(21.0, 205.0)	(22.0, 427.0)	(23.0, 506.0)	(24.0, 582.0)	(25.0, 536.0)	(26.0, 566.0)	(27.0, 587.0)	(28.0, 603.0)	(29.0, 754.0)	(30.0, 926.0)	(31.0, 1050.0)	(32.0, 1212.0)	(33.0, 1631.0)	(34.0, 2095.0)	(35.0, 3143.0)	(36.0, 5465.0)	(37.0, 42306.0)	(38.0, 358.0)						
SRR29920198_2	(13.0, 2.0)	(14.0, 1.0)	(15.0, 9.0)	(16.0, 34.0)	(17.0, 46.0)	(18.0, 57.0)	(19.0, 92.0)	(20.0, 125.0)	(21.0, 218.0)	(22.0, 385.0)	(23.0, 751.0)	(24.0, 1015.0)	(25.0, 1031.0)	(26.0, 1040.0)	(27.0, 1131.0)	(28.0, 1190.0)	(29.0, 1242.0)	(30.0, 1288.0)	(31.0, 1402.0)	(32.0, 1733.0)	(33.0, 2173.0)	(34.0, 2800.0)	(35.0, 4409.0)	(36.0, 7934.0)	(37.0, 32854.0)	(38.0, 38.0)
SRR29920199_1	(19.0, 7.0)	(20.0, 52.0)	(21.0, 231.0)	(22.0, 510.0)	(23.0, 578.0)	(24.0, 609.0)	(25.0, 569.0)	(26.0, 552.0)	(27.0, 574.0)	(28.0, 634.0)	(29.0, 717.0)	(30.0, 850.0)	(31.0, 947.0)	(32.0, 1184.0)	(33.0, 1497.0)	(34.0, 2027.0)	(35.0, 2989.0)	(36.0, 5295.0)	(37.0, 42374.0)	(38.0, 258.0)						
SRR29920199_2	(14.0, 2.0)	(15.0, 4.0)	(16.0, 25.0)	(17.0, 50.0)	(18.0, 56.0)	(19.0, 79.0)	(20.0, 103.0)	(21.0, 148.0)	(22.0, 310.0)	(23.0, 619.0)	(24.0, 882.0)	(25.0, 950.0)	(26.0, 911.0)	(27.0, 962.0)	(28.0, 998.0)	(29.0, 1072.0)	(30.0, 1214.0)	(31.0, 1313.0)	(32.0, 1595.0)	(33.0, 1971.0)	(34.0, 2898.0)	(35.0, 4320.0)	(36.0, 8913.0)	(37.0, 33041.0)	(38.0, 18.0)	
SRR29920200_1	(18.0, 1.0)	(19.0, 8.0)	(20.0, 66.0)	(21.0, 339.0)	(22.0, 696.0)	(23.0, 790.0)	(24.0, 799.0)	(25.0, 730.0)	(26.0, 767.0)	(27.0, 865.0)	(28.0, 817.0)	(29.0, 932.0)	(30.0, 1126.0)	(31.0, 1330.0)	(32.0, 1561.0)	(33.0, 1962.0)	(34.0, 2696.0)	(35.0, 3853.0)	(36.0, 7106.0)	(37.0, 55594.0)	(38.0, 446.0)					
SRR29920200_2	(14.0, 4.0)	(15.0, 6.0)	(16.0, 50.0)	(17.0, 41.0)	(18.0, 52.0)	(19.0, 79.0)	(20.0, 141.0)	(21.0, 204.0)	(22.0, 408.0)	(23.0, 901.0)	(24.0, 1294.0)	(25.0, 1265.0)	(26.0, 1207.0)	(27.0, 1260.0)	(28.0, 1408.0)	(29.0, 1454.0)	(30.0, 1576.0)	(31.0, 1853.0)	(32.0, 2160.0)	(33.0, 2645.0)	(34.0, 3811.0)	(35.0, 5833.0)	(36.0, 11244.0)	(37.0, 43562.0)	(38.0, 26.0)	
