Sample	fastqc-percent_duplicates	fastqc-percent_gc	fastqc-avg_sequence_length	fastqc-median_sequence_length	fastqc-percent_fails	fastqc-total_sequences
SRR29920099_1	93.51637502553278	53.0	250.0	250	36.36363636363637	0.058747999999999995
SRR29920099_2	95.53686934023285	55.0	250.0	250	36.36363636363637	0.058747999999999995
SRR29920100_1	94.11540164597743	52.0	250.0	250	36.36363636363637	0.065493
SRR29920100_2	95.66213183088269	54.0	250.0	250	36.36363636363637	0.065493
SRR29920101_1	92.78756476683938	53.0	250.0	250	36.36363636363637	0.053075
SRR29920101_2	95.15025906735751	54.0	250.0	250	36.36363636363637	0.053075
SRR29920102_1	93.8359639619873	52.0	250.0	250	36.36363636363637	0.072923
SRR29920102_2	96.06708445894985	54.0	250.0	250	36.36363636363637	0.072923
SRR29920103_1	93.38674993372021	53.0	250.0	250	36.36363636363637	0.067894
SRR29920103_2	95.51359472118303	54.0	250.0	250	36.36363636363637	0.067894
SRR29920104_1	92.0996429937524	52.0	250.0	250	27.27272727272727	0.062744
SRR29920104_2	94.62896850694887	54.0	250.0	250	27.27272727272727	0.062744
SRR29920105_1	92.82225505604231	53.0	250.0	250	36.36363636363637	0.10625899999999999
SRR29920105_2	96.13209234041352	55.0	250.0	250	36.36363636363637	0.10625899999999999
SRR29920106_1	91.9403995936336	53.0	250.0	250	27.27272727272727	0.08859
SRR29920106_2	95.24777062873913	54.0	250.0	250	27.27272727272727	0.08859
SRR29920107_1	91.50872295882763	52.0	250.0	250	27.27272727272727	0.07164999999999999
SRR29920107_2	95.39706908583392	55.0	250.0	250	27.27272727272727	0.07164999999999999
SRR29920108_1	91.90353470274641	52.0	250.0	250	36.36363636363637	0.07915799999999999
SRR29920108_2	94.75100432047297	54.0	250.0	250	45.45454545454545	0.07915799999999999
SRR29920109_1	91.40969602618605	53.0	250.0	250	36.36363636363637	0.050102999999999995
SRR29920109_2	94.31970141508492	55.0	250.0	250	36.36363636363637	0.050102999999999995
SRR29920110_1	91.6825588889035	52.0	250.0	250	27.27272727272727	0.076033
SRR29920110_2	94.95482224823432	54.0	250.0	250	45.45454545454545	0.076033
SRR29920111_1	91.73011757281421	52.0	250.0	250	27.27272727272727	0.072891
SRR29920111_2	95.06797821404562	54.0	250.0	250	36.36363636363637	0.072891
SRR29920112_1	92.4009838012043	52.0	250.0	250	36.36363636363637	0.082537
SRR29920112_2	95.36692634818324	54.0	250.0	250	36.36363636363637	0.082537
SRR29920113_1	91.44439807261828	53.0	250.0	250	36.36363636363637	0.052714
SRR29920113_2	94.6048488067686	55.0	250.0	250	36.36363636363637	0.052714
SRR29920114_1	92.80224460143293	53.0	250.0	250	36.36363636363637	0.099795
SRR29920114_2	95.64306828999449	55.0	250.0	250	36.36363636363637	0.099795
SRR29920115_1	92.0614828209765	53.0	250.0	250	36.36363636363637	0.060829999999999995
SRR29920115_2	95.00246588854183	55.0	250.0	250	36.36363636363637	0.060829999999999995
SRR29920116_1	92.23373584086276	53.0	250.0	250	27.27272727272727	0.082897
SRR29920116_2	95.09632435431922	55.0	250.0	250	36.36363636363637	0.082897
SRR29920117_1	91.58107067972503	53.0	250.0	250	27.27272727272727	0.07535399999999999
SRR29920117_2	94.90405287045147	54.0	250.0	250	36.36363636363637	0.07535399999999999
SRR29920118_1	91.55694101955676	53.0	250.0	250	27.27272727272727	0.064479
SRR29920118_2	94.76883946711332	55.0	250.0	250	36.36363636363637	0.064479
SRR29920119_1	92.50814332247558	52.0	250.0	250	36.36363636363637	0.09240699999999999
SRR29920119_2	95.25901717402361	53.0	250.0	250	36.36363636363637	0.09240699999999999
SRR29920120_1	91.73115189033827	53.0	250.0	250	36.36363636363637	0.058799
SRR29920120_2	95.16658446572221	55.0	250.0	250	36.36363636363637	0.058799
SRR29920121_1	91.43773458563146	53.0	250.0	250	36.36363636363637	0.056749
SRR29920121_2	94.794621931664	54.0	250.0	250	36.36363636363637	0.056749
SRR29920122_1	93.24824968622885	53.0	250.0	250	36.36363636363637	0.066131
SRR29920122_2	94.90405407448851	55.0	250.0	250	36.36363636363637	0.066131
SRR29920123_1	94.3111377724455	53.0	250.0	250	36.36363636363637	0.090018
SRR29920123_2	95.9197049478993	55.0	250.0	250	36.36363636363637	0.090018
SRR29920124_1	91.84864568440432	52.0	250.0	250	36.36363636363637	0.051059
SRR29920124_2	95.12916430012339	54.0	250.0	250	36.36363636363637	0.051059
SRR29920125_1	91.14013704045328	54.0	250.0	250	36.36363636363637	0.060711999999999995
SRR29920125_2	95.06852022664383	55.0	250.0	250	36.36363636363637	0.060711999999999995
SRR29920126_1	91.33682794191849	52.0	250.0	250	36.36363636363637	0.071348
SRR29920126_2	95.09306497729439	54.0	250.0	250	36.36363636363637	0.071348
SRR29920127_1	92.82920058047826	53.0	250.0	250	36.36363636363637	0.063396
SRR29920127_2	95.39876332891666	55.0	250.0	250	36.36363636363637	0.063396
SRR29920128_1	93.8549920121351	53.0	250.0	250	36.36363636363637	0.061968999999999996
SRR29920128_2	95.83662799141506	55.0	250.0	250	36.36363636363637	0.061968999999999996
SRR29920129_1	93.71344113631524	53.0	250.0	250	36.36363636363637	0.07983699999999999
SRR29920129_2	95.68370555005825	55.0	250.0	250	36.36363636363637	0.07983699999999999
SRR29920130_1	93.43642390499791	53.0	250.0	250	36.36363636363637	0.062146
SRR29920130_2	95.71010201782899	55.0	250.0	250	36.36363636363637	0.062146
SRR29920131_1	92.33907226669591	53.0	250.0	250	36.36363636363637	0.045595
SRR29920131_2	94.67046825309792	54.0	250.0	250	36.36363636363637	0.045595
SRR29920132_1	92.80965872266356	53.0	250.0	250	36.36363636363637	0.054002999999999995
SRR29920132_2	95.00768475825417	55.0	250.0	250	36.36363636363637	0.054002999999999995
SRR29920133_1	93.35663082437276	53.0	250.0	250	36.36363636363637	0.055799999999999995
SRR29920133_2	95.2258064516129	55.0	250.0	250	36.36363636363637	0.055799999999999995
SRR29920134_1	93.01856183505622	53.0	250.0	250	36.36363636363637	0.053012
SRR29920134_2	94.44654040594583	55.0	250.0	250	36.36363636363637	0.053012
SRR29920135_1	91.60606451797983	52.0	250.0	250	36.36363636363637	0.069717
SRR29920135_2	94.95675373294893	54.0	250.0	250	36.36363636363637	0.069717
SRR29920136_1	91.64962965445588	53.0	250.0	250	36.36363636363637	0.059674
SRR29920136_2	94.52692965110434	55.0	250.0	250	36.36363636363637	0.059674
SRR29920137_1	91.60129577285863	52.0	250.0	250	36.36363636363637	0.062974
SRR29920137_2	93.9959348302474	55.0	250.0	250	36.36363636363637	0.062974
SRR29920138_1	92.65944090579251	53.0	250.0	250	36.36363636363637	0.086819
SRR29920138_2	96.52610603669703	55.0	250.0	250	36.36363636363637	0.086819
SRR29920139_1	92.71652289147416	53.0	250.0	250	36.36363636363637	0.078479
SRR29920139_2	95.40641445482231	55.0	250.0	250	36.36363636363637	0.078479
SRR29920140_1	91.75464165768963	53.0	250.0	250	36.36363636363637	0.078905
SRR29920140_2	95.2715290539256	55.0	250.0	250	36.36363636363637	0.078905
SRR29920141_1	92.38046333418916	53.0	250.0	250	36.36363636363637	0.050633
SRR29920141_2	95.41405802539846	55.0	250.0	250	36.36363636363637	0.050633
SRR29920142_1	92.75732166727427	54.0	250.0	250	36.36363636363637	0.041145
SRR29920142_2	94.70166484384494	55.0	250.0	250	36.36363636363637	0.041145
SRR29920143_1	91.67518049312083	53.0	250.0	250	36.36363636363637	0.058727999999999995
SRR29920143_2	95.51151069336602	55.0	250.0	250	36.36363636363637	0.058727999999999995
SRR29920144_1	92.57058790245006	53.0	250.0	250	36.36363636363637	0.088365
SRR29920144_2	95.85695693996492	55.0	250.0	250	36.36363636363637	0.088365
SRR29920145_1	91.59826007481001	53.0	250.0	250	36.36363636363637	0.059083
SRR29920145_2	95.45385305417803	55.0	250.0	250	36.36363636363637	0.059083
SRR29920146_1	91.69206406119278	53.0	250.0	250	36.36363636363637	0.066936
SRR29920146_2	95.20586829209992	55.0	250.0	250	36.36363636363637	0.066936
SRR29920147_1	94.81685225441048	53.0	250.0	250	36.36363636363637	0.067623
SRR29920147_2	95.37583366606036	55.0	250.0	250	36.36363636363637	0.067623
SRR29920148_1	94.98249527527341	53.0	250.0	250	36.36363636363637	0.064554
SRR29920148_2	95.55720791895158	55.0	250.0	250	36.36363636363637	0.064554
SRR29920149_1	92.44690923846882	53.0	250.0	250	36.36363636363637	0.036965
SRR29920149_2	93.67509806573786	55.0	250.0	250	36.36363636363637	0.036965
SRR29920150_1	92.49619003846247	53.0	250.0	250	36.36363636363637	0.041339
SRR29920150_2	94.05887902464984	54.0	250.0	250	36.36363636363637	0.041339
SRR29920151_1	91.93393291475762	53.0	250.0	250	27.27272727272727	0.053037
SRR29920151_2	94.55663027697645	55.0	250.0	250	36.36363636363637	0.053037
SRR29920152_1	91.58787426391308	52.0	250.0	250	27.27272727272727	0.048228
SRR29920152_2	93.44364269718835	54.0	250.0	250	36.36363636363637	0.048228
SRR29920153_1	91.5213302556211	53.0	250.0	250	36.36363636363637	0.046787999999999996
SRR29920153_2	94.29982046678636	55.0	250.0	250	36.36363636363637	0.046787999999999996
SRR29920154_1	93.7483217766265	52.0	250.0	250	36.36363636363637	0.06331099999999999
SRR29920154_2	94.94242706638657	53.0	250.0	250	36.36363636363637	0.06331099999999999
SRR29920155_1	93.10140572402733	53.0	250.0	250	36.36363636363637	0.069217
SRR29920155_2	95.00845168094543	54.0	250.0	250	36.36363636363637	0.069217
SRR29920156_1	92.52963362068965	52.0	250.0	250	27.27272727272727	0.07424
SRR29920156_2	94.88954741379311	54.0	250.0	250	36.36363636363637	0.07424
SRR29920157_1	94.01734597303461	53.0	250.0	250	36.36363636363637	0.064453
SRR29920157_2	95.37492436348967	55.0	250.0	250	36.36363636363637	0.064453
SRR29920158_1	92.8559186848246	51.0	250.0	250	36.36363636363637	0.07585299999999999
SRR29920158_2	95.20519953067117	54.0	250.0	250	36.36363636363637	0.07585299999999999
SRR29920159_1	91.83949227147097	52.0	250.0	250	36.36363636363637	0.048845
SRR29920159_2	94.02395332173201	54.0	250.0	250	45.45454545454545	0.048845
SRR29920160_1	90.85571589241121	53.0	250.0	250	36.36363636363637	0.052459
SRR29920160_2	94.39562324863226	55.0	250.0	250	27.27272727272727	0.052459
SRR29920161_1	91.5590462635953	52.0	250.0	250	27.27272727272727	0.056913
SRR29920161_2	95.21199023070301	54.0	250.0	250	36.36363636363637	0.056913
SRR29920162_1	92.22406940800582	53.0	250.0	250	36.36363636363637	0.07699399999999999
SRR29920162_2	95.15546665973972	55.0	250.0	250	36.36363636363637	0.07699399999999999
SRR29920163_1	91.92172770952135	53.0	250.0	250	36.36363636363637	0.060148999999999994
SRR29920163_2	95.34156843837803	55.0	250.0	250	36.36363636363637	0.060148999999999994
SRR29920164_1	90.79097946819253	52.0	250.0	250	27.27272727272727	0.044565
SRR29920164_2	94.61460787613598	54.0	250.0	250	36.36363636363637	0.044565
SRR29920165_1	92.0758406080467	52.0	250.0	250	36.36363636363637	0.072626
SRR29920165_2	95.23311210861124	55.0	250.0	250	36.36363636363637	0.072626
SRR29920166_1	90.79014074306545	52.0	250.0	250	36.36363636363637	0.041423
SRR29920166_2	94.50788209448856	55.0	250.0	250	27.27272727272727	0.041423
SRR29920167_1	91.16787867487103	52.0	250.0	250	36.36363636363637	0.048267
SRR29920167_2	94.39990055317297	55.0	250.0	250	36.36363636363637	0.048267
SRR29920168_1	92.02336641852771	53.0	250.0	250	36.36363636363637	0.077376
SRR29920168_2	94.7645264681555	55.0	250.0	250	36.36363636363637	0.077376
SRR29920169_1	91.40212491951063	53.0	250.0	250	27.27272727272727	0.062119999999999995
SRR29920169_2	94.7730199613651	55.0	250.0	250	36.36363636363637	0.062119999999999995
SRR29920170_1	91.7281203449988	53.0	250.0	250	36.36363636363637	0.054376999999999995
SRR29920170_2	93.79884877797598	55.0	250.0	250	36.36363636363637	0.054376999999999995
SRR29920171_1	91.05069291884838	53.0	250.0	250	36.36363636363637	0.060541
SRR29920171_2	95.23793792636395	55.0	250.0	250	36.36363636363637	0.060541
SRR29920172_1	93.00549949276522	53.0	250.0	250	36.36363636363637	0.056187
SRR29920172_2	95.02553971559257	55.0	250.0	250	36.36363636363637	0.056187
SRR29920173_1	93.11129044090676	53.0	250.0	250	36.36363636363637	0.054523999999999996
SRR29920173_2	95.12691658719096	54.0	250.0	250	36.36363636363637	0.054523999999999996
SRR29920174_1	90.10790114862513	53.0	250.0	250	27.27272727272727	0.043095
SRR29920174_2	93.5444947209653	55.0	250.0	250	36.36363636363637	0.043095
SRR29920175_1	91.26404396674667	52.0	250.0	250	27.27272727272727	0.057498
SRR29920175_2	94.91112734355977	54.0	250.0	250	36.36363636363637	0.057498
SRR29920176_1	91.41306739018846	53.0	250.0	250	36.36363636363637	0.054548
SRR29920176_2	94.84674048544402	55.0	250.0	250	36.36363636363637	0.054548
SRR29920177_1	92.04874919820398	53.0	250.0	250	36.36363636363637	0.038974999999999996
SRR29920177_2	93.87812700449005	54.0	250.0	250	36.36363636363637	0.038974999999999996
SRR29920178_1	91.26567305417554	53.0	250.0	250	36.36363636363637	0.042269999999999995
SRR29920178_2	94.89945587887391	54.0	250.0	250	36.36363636363637	0.042269999999999995
SRR29920179_1	92.6012008522177	53.0	250.0	250	36.36363636363637	0.051629999999999995
SRR29920179_2	95.06488475692427	54.0	250.0	250	36.36363636363637	0.051629999999999995
SRR29920180_1	93.10063917784183	53.0	250.0	250	36.36363636363637	0.063832
SRR29920180_2	95.72001503947862	55.0	250.0	250	36.36363636363637	0.063832
SRR29920181_1	90.50606623674719	52.0	250.0	250	27.27272727272727	0.045745
SRR29920181_2	94.2354355667286	54.0	250.0	250	36.36363636363637	0.045745
SRR29920182_1	94.92323258985526	53.0	250.0	250	36.36363636363637	0.09092399999999999
SRR29920182_2	96.05054771017554	55.0	250.0	250	36.36363636363637	0.09092399999999999
SRR29920183_1	95.02998049900673	53.0	250.0	250	36.36363636363637	0.054868999999999994
SRR29920183_2	95.97404727623977	55.0	250.0	250	36.36363636363637	0.054868999999999994
SRR29920184_1	93.49745570103984	52.0	250.0	250	36.36363636363637	0.049719
SRR29920184_2	94.80480299281965	54.0	250.0	250	36.36363636363637	0.049719
SRR29920185_1	93.54050413700212	53.0	250.0	250	36.36363636363637	0.051969999999999995
SRR29920185_2	95.03559746007312	55.0	250.0	250	36.36363636363637	0.051969999999999995
SRR29920186_1	93.09055764251067	53.0	250.0	250	36.36363636363637	0.054838
SRR29920186_2	95.00893540975237	55.0	250.0	250	36.36363636363637	0.054838
SRR29920187_1	93.04524077211762	52.0	250.0	250	36.36363636363637	0.063151
SRR29920187_2	94.95336574242688	54.0	250.0	250	36.36363636363637	0.063151
SRR29920188_1	92.73548835592631	53.0	250.0	250	36.36363636363637	0.063294
SRR29920188_2	95.47824438335387	55.0	250.0	250	36.36363636363637	0.063294
SRR29920189_1	92.41977987908851	54.0	250.0	250	36.36363636363637	0.058059
SRR29920189_2	94.73638884582924	56.0	250.0	250	36.36363636363637	0.058059
SRR29920190_1	93.49167539876586	53.0	250.0	250	36.36363636363637	0.077301
SRR29920190_2	95.92631401922355	55.0	250.0	250	36.36363636363637	0.077301
SRR29920191_1	92.784132647707	53.0	250.0	250	36.36363636363637	0.047645
SRR29920191_2	95.28596914681499	55.0	250.0	250	36.36363636363637	0.047645
SRR29920192_1	91.6799173980382	53.0	250.0	250	36.36363636363637	0.048424999999999996
SRR29920192_2	95.08311822405783	55.0	250.0	250	36.36363636363637	0.048424999999999996
SRR29920193_1	90.953180728803	52.0	250.0	250	27.27272727272727	0.052990999999999996
SRR29920193_2	94.18391802381537	54.0	250.0	250	36.36363636363637	0.052990999999999996
SRR29920194_1	91.39518660620858	53.0	250.0	250	36.36363636363637	0.057339999999999995
SRR29920194_2	94.63027554935472	55.0	250.0	250	36.36363636363637	0.057339999999999995
SRR29920195_1	92.3768094202355	54.0	250.0	250	36.36363636363637	0.066665
SRR29920195_2	95.16537913447836	56.0	250.0	250	36.36363636363637	0.066665
SRR29920196_1	90.84410574546142	53.0	250.0	250	36.36363636363637	0.063511
SRR29920196_2	95.26381256790162	55.0	250.0	250	36.36363636363637	0.063511
SRR29920197_1	92.26967594455803	53.0	250.0	250	36.36363636363637	0.062119
SRR29920197_2	95.15607141132342	55.0	250.0	250	36.36363636363637	0.062119
SRR29920198_1	91.5968253968254	53.0	250.0	250	36.36363636363637	0.063
SRR29920198_2	94.63174603174603	55.0	250.0	250	36.36363636363637	0.063
SRR29920199_1	92.10779133442213	53.0	250.0	250	36.36363636363637	0.062453999999999996
SRR29920199_2	95.0123290741986	55.0	250.0	250	36.36363636363637	0.062453999999999996
SRR29920200_1	93.01561514960477	53.0	250.0	250	36.36363636363637	0.082484
SRR29920200_2	95.69249793899422	55.0	250.0	250	36.36363636363637	0.082484
